227760
284208
284400
227808
227856
227936
228016
228064
228112
228160
228208
228336
228464
228592
228672
284896
228800
228912
285072
229024
285264
229072
285440
229120
285632
229168
229216
285808
229264
229312
285984
229360
229408
286160
229488
286336
229616
286512
229744
286576
229792
286624
286688
229840
230016
286736
286816
230096
286896
286976
287056
230352
230480
287136
230528
287216
287296
287376
230592
287456
287568
230640
230688
287648
230848
231008
287728
231056
231104
287808
231152
287888
231232
287984
231280
288080
231408
231456
288176
231504
288320
231680
288384
288592
288672
288752
231776
231824
231872
288832
231936
232096
289024
289152
232256
289264
138880
289376
232320
138944
139008
289488
232384
289584
139072
289664
232592
139136
191360
232800
139200
232880
139264
191456
139328
232960
139392
289760
191632
233168
289856
139456
139552
139648
233376
139728
139808
233584
139904
233792
233872
233968
234064
140000
234160
140096
234256
140192
234352
234448
140288
289952
234544
140384
291200
234640
234736
234832
140480
234928
140816
235024
235200
235376
235456
141152
141488
235536
141568
235616
141648
141744
141840
141936
235680
142064
236048
142352
142416
236112
142464
142560
142656
142752
292640
142848
143056
294032
294656
236800
143264
194448
294928
194528
143312
295104
143360
236848
295280
143408
237184
237232
143456
295744
143504
295808
143552
295856
237280
143600
237344
143664
237408
295904
143776
143888
237472
144000
144112
237760
296224
144160
296448
238048
238336
144256
238384
144352
238432
144432
238480
144512
238528
144592
144672
144752
145072
296496
238816
145152
145472
145552
297472
145872
298560
239104
298640
145952
146272
298752
239392
146352
146560
146608
298848
146704
239680
299232
239968
240016
146800
299280
240064
299488
299600
299664
146896
299728
240368
240672
299792
240736
299904
240800
240864
240928
241216
241504
241792
241968
242144
299952
242224
242384
301472
149296
242560
242848
243136
243200
302640
243264
302736
243568
302832
150400
243632
302928
243760
303024
243856
244000
303168
303264
244144
303360
244240
303456
303552
303632
199632
244304
244704
303744
303856
244832
245056
245120
245184
245248
245344
245440
245536
245616
245696
245792
304016
200400
245872
304672
245952
200640
246032
153088
304736
246112
200912
246192
246272
201200
246352
246432
246512
201472
153616
246592
246672
246752
154048
246832
154544
247296
247344
247408
155040
247632
247712
248032
155584
248240
156128
248384
248608
156432
156720
156784
248832
156848
157056
249056
249280
205136
157264
205216
205296
249552
205376
205456
249824
157648
205536
249904
205616
249984
205696
250064
205856
250144
205904
250224
205952
206016
158608
250352
158704
250432
206064
158800
158896
206112
250544
250624
206176
206224
250704
206272
206336
250864
206400
251008
206480
206560
206640
206704
251216
206768
251344
206848
206928
251472
206992
207056
207136
251696
207200
251936
207280
160208
207360
252016
207424
207488
252096
207568
252176
207616
252256
207680
252320
207776
160768
207856
207936
252400
208016
208096
308608
208160
252576
208208
161248
252752
208272
252848
208336
252944
208384
208432
253040
309104
208496
253232
309280
208608
309456
208720
309648
208832
253408
309856
208944
253584
310064
209008
209152
209296
209440
209584
209664
209728
209808
209888
209968
210032
210096
210176
210256
210336
210416
210496
210576
210656
163824
210736
210800
210880
210944
164144
210992
211056
211152
211248
164464
211296
211344
211392
164784
211440
211488
310128
211536
165104
253776
211584
311728
211632
311792
311840
165360
211680
311920
311984
165664
211984
255136
312128
255504
212272
255552
165920
312208
212464
255600
255648
166176
255696
212656
255744
212864
166432
255792
312288
255840
213040
255888
312880
255936
255984
256032
166848
256080
213200
256128
167232
256176
256224
256272
167616
256320
256368
168000
256416
168384
256464
313120
256512
168448
256560
168512
168576
256608
256672
256736
213376
256800
256864
256928
313792
256992
257056
257120
257168
257216
257264
214384
257312
257360
257408
214944
257456
257504
314672
257552
215104
257600
215312
257648
257696
257744
314752
215504
169600
257792
215808
257840
315136
257888
215872
169920
315184
257936
170112
315232
257984
215968
258032
170224
216112
258080
170336
258128
216192
258176
170448
216336
170560
216416
258256
170672
216512
170784
216576
216672
315312
170960
216736
315824
216832
171120
216896
315920
171264
316160
216976
217136
217296
258576
217392
217456
171408
217504
217584
172032
217744
258944
217904
218064
218224
218272
172656
218352
317936
318048
173104
318112
173216
173328
218816
318256
259616
173440
219168
318320
173552
173680
318368
219360
173808
318656
318720
260288
173936
318768
219936
174064
220352
220416
174208
318832
220480
318880
220560
220624
174352
260960
220800
174496
220960
261680
221024
221088
261760
221152
174640
261984
221232
174752
221328
174864
262208
221392
221504
174976
262432
221616
262656
221696
175232
262752
221760
221824
175488
221904
221968
175744
222048
263136
222160
222272
222368
222432
222512
222576
222656
263568
222816
263664
263760
223088
263808
223248
263888
223408
264016
223552
264096
223696
264352
223840
264528
223984
224128
264720
224272
264912
224320
224400
265104
224448
224496
224544
265296
224592
265488
224752
265680
265744
265808
224944
265968
225136
225184
266128
225232
225280
266288
225328
266448
225376
266528
225440
266608
266688
225504
266768
266848
266928
225632
266976
267024
225760
225888
226016
267072
226064
267120
226112
267184
226160
267248
226208
267296
226288
226368
267520
226448
226528
267744
267968
226576
268192
268256
180064
226800
268320
227024
268592
268656
227248
181152
227472
268720
227520
227568
268800
227616
181296
227664
227712
268928
181440
181584
181808
269472
269760
269888
182080
270016
182464
270288
270576
270848
182864
270960
271120
271200
271280
271360
271424
271488
271904
272048
272336
272416
272496
272560
272624
185616
185936
186256
274208
274496
274544
274592
274928
275248
275536
276576
277280
277328
277392
277824
277904
277984
278064
278144
278224
278304
278384
278464
278544
278624
278704
278800
279008
279168
279264
279440
279552
280144
280240
280336
280432
280528
280624
280704
280784
280864
280944
281040
281136
281232
281328
281376
281440
281488
281552
327584
327632
327760
327984
281632
329328
283792
283840
284112
331424
332448
332528
332560
332624
332656
333808
333888
333904
334560
334704
335920
338096
338608
