741392
548368
741424
548416
346384
346464
548464
741456
346544
548560
346624
741488
548704
346704
741520
346784
741552
548864
741584
346864
548944
346944
741616
549008
549088
549168
347024
549248
741648
347104
741680
549312
347184
741712
549376
347264
741744
347344
741776
549440
741808
741840
549536
347424
741872
549632
741904
347504
549664
741936
741968
549824
742000
742032
549888
742064
742096
549984
742128
742160
550080
742192
742224
742256
550176
742288
742320
550320
550416
550512
742352
742384
550608
742416
550672
550736
742448
550800
742480
550864
550928
742512
550992
742544
551056
742576
551120
551184
551248
742608
742640
350064
551312
551376
742672
350288
551440
551504
742704
350512
742736
551568
742768
551632
742800
350736
551776
551920
350960
742832
552064
742864
552208
742896
742928
742960
552352
552496
742992
552576
743024
552656
743056
743088
552736
552816
743120
743152
552896
552976
743184
553056
743216
743248
553136
743280
743312
743344
553216
743376
553296
553376
743408
743440
553456
553536
553616
743472
553696
743504
553760
553840
743536
553920
554000
743568
554080
554160
743600
554240
554304
995312
743632
554368
743664
554432
743696
554496
743728
554560
554624
743760
743792
554688
554752
554816
743824
743856
554880
554944
743888
555008
743920
555072
743952
743984
555136
555200
744016
744080
744144
744208
555264
555328
555392
744272
555456
744336
555520
744400
744464
744528
555584
744592
555648
555712
744656
555776
744720
555840
744784
555904
555968
556032
744816
744848
744896
744944
556096
744992
556160
997472
556224
745040
745088
556288
556352
745136
745184
556416
745232
556512
745280
745328
556608
745376
745424
556704
745472
556768
745520
745568
556832
745616
556896
745664
556976
745712
557184
745760
557472
745808
557664
557744
745856
745904
557824
745952
999552
557904
999728
746000
557984
746048
746096
558064
746144
558144
999792
558224
1000064
356640
746192
558304
746240
1000224
558384
746288
558464
746336
558544
357040
558624
746384
357456
746432
746480
558704
746528
746576
558784
357856
558864
358256
1001056
746624
558944
358656
559024
746672
358752
746720
1002416
746768
559104
1002448
358848
746816
559184
358944
1002512
559264
746864
359040
559344
1002560
359152
746912
1002608
559424
359264
746960
559504
359392
559584
359504
747008
747056
559664
747104
359616
747152
559744
747200
559824
359728
747248
559904
747296
747344
559984
747392
359840
560048
359952
747440
560112
747488
747536
560176
747584
360064
560240
747632
747680
560304
747728
560368
747776
1003744
360176
747824
560432
360288
560496
747872
747920
360400
560560
747968
360512
560624
748016
1004848
748064
1004864
560688
360640
360752
560752
360864
748112
560816
360976
748160
361088
560880
748208
361200
748256
560944
561008
748304
561072
361312
748352
561136
361424
748400
748448
361536
561200
748496
748544
561264
561328
361664
748592
748640
361776
561392
748688
561488
361888
561584
1005520
362000
561680
749200
561776
362112
561872
1005664
749232
561968
749280
562064
362224
562160
362336
749328
562256
362448
562352
749376
1005856
749424
362560
562448
562544
749472
362672
562640
749520
562736
749584
562832
362784
562928
749616
563024
362896
749808
563120
363008
749840
363120
563216
750192
563312
363232
563408
750304
750384
363344
363456
563504
363568
750480
363680
563600
363792
563696
363904
750896
563792
364016
750960
563888
751024
563984
564080
364128
1007632
751088
564176
364240
751152
564272
751216
564368
364352
564464
751280
564560
364480
564656
751344
564752
564848
751408
564944
364592
565040
364704
565136
751472
364864
751536
365056
751600
565168
751664
365248
565200
751728
365440
565232
751792
365632
751856
565264
365824
751888
565296
366016
565328
565360
752304
366176
565392
752720
366336
1009248
752832
366496
752976
565424
565456
565488
753104
366656
565520
366816
565552
366976
565584
565616
367136
753584
367328
565648
565680
565712
367520
754272
565744
367712
367904
565776
565808
754960
565840
565872
368064
1009744
755648
565904
368224
565936
368384
565968
368544
566000
368704
756336
566032
368864
369024
566064
369184
566096
369344
566128
757024
566160
369664
566192
369824
757712
566224
369984
758704
566256
566288
370144
759168
566320
370304
566352
566384
370464
370624
566544
370784
759328
566944
370944
567264
371104
567584
371264
371424
567792
371584
759936
371744
568000
760000
371904
568208
760064
372064
760192
372224
760272
372384
568384
372544
568544
760464
568736
372704
760656
372864
373024
760848
373184
761040
373344
1012512
568896
373504
761232
373664
761424
569984
373824
761648
570688
570864
761760
373984
571056
762048
762112
571264
762144
762208
762240
374624
571600
571776
571856
375296
571936
571984
572032
572112
375936
572192
572272
376592
572320
572400
377248
572464
572544
572624
377888
572704
572784
378544
572864
762272
573024
573104
379184
573184
765040
573232
573312
573360
379824
573440
573488
573568
380464
573616
573696
573744
381104
765408
573824
765520
93072
765632
93104
381744
93136
765744
573904
93200
573952
765808
382384
574032
93296
574112
766016
383024
574160
766144
574240
383680
93456
384336
574320
93504
574368
766208
93744
574448
93776
766304
384992
574496
93808
766352
574576
766528
574656
766640
574736
766816
385664
574816
94208
574864
767120
574944
386304
94336
767184
575024
767248
94384
767312
575104
386944
767376
94448
575184
767440
387600
575264
94528
767504
388240
94624
575328
767568
575408
94688
575456
767632
94720
575536
767696
388896
94880
575616
575696
767760
767824
575776
767888
389536
94928
575824
94992
767952
575904
95008
390176
768016
575984
768080
95056
768144
576032
576112
768208
390816
576160
768272
391472
576240
768336
576288
391584
768400
576368
391696
768464
391808
576416
576496
768528
391920
768592
576544
392032
768656
576624
392144
768720
392272
768784
576672
768848
768912
576752
392400
95856
576800
768976
392528
95904
769040
96272
392656
769104
392784
576880
96304
576928
96352
769360
392912
769616
577008
769872
96416
577056
393584
96464
770128
393680
577136
393872
770384
577184
394064
577264
770640
770896
577312
771152
577376
577424
771408
96624
771664
394256
771920
577600
395296
577696
772176
97184
395648
577856
772432
97248
772688
396000
578016
772944
578176
97408
773200
578352
773456
578512
578864
396352
773712
579024
773968
396704
774224
397056
579184
774480
774736
579536
774992
579712
397776
579872
775248
775504
580032
580192
775760
580352
776016
580528
776272
580688
776528
580864
776784
581024
777040
581184
777184
581536
581712
777328
581872
777472
777616
582032
582192
777760
399712
582352
399744
582512
777904
582672
100368
778048
583024
778192
583200
100416
583360
778336
100576
100640
583520
100688
778480
778624
583680
100736
100784
100832
100880
100928
583840
778768
584000
584160
778912
779056
584512
779200
101248
779344
584688
779488
584848
101552
585200
779632
101600
779776
585376
101648
779920
585536
585888
780064
101872
586064
780208
586224
102064
780352
586576
102112
780496
586752
102176
586912
780640
587072
102224
780784
102272
587232
587296
102320
780928
587472
781072
102368
781216
587520
587600
781360
102528
587680
587888
781616
102608
102640
588016
781648
588144
782112
102880
588192
102976
782480
103024
588352
782848
103072
588512
782928
783008
588704
783088
103184
588896
783168
103360
783248
589024
783328
103472
589232
783376
103568
783424
589312
589376
103648
783472
589408
103680
103744
783520
589472
103792
589504
783568
103920
783616
589584
103984
783664
589696
783712
104080
589808
783760
104208
783808
783856
589984
783904
104512
590048
783952
104544
590112
784000
104576
590160
784048
104624
590240
784096
784144
784192
104720
590832
784240
591184
105168
784288
591392
591456
784336
784384
591536
591648
784432
784480
784528
105280
591856
784576
784624
591968
784672
592144
784720
784768
592208
592272
784816
105408
592320
105632
105664
784848
784928
785056
592416
592832
785120
592912
593072
593136
785328
402880
593168
105888
785536
593200
785744
105920
593264
593296
403152
593328
593360
785952
403376
593392
786160
593424
593456
106256
593488
786368
593520
403616
106288
786432
593552
106512
786496
593584
404016
593616
593648
786560
593712
786624
106688
593776
786688
593920
106880
594128
786880
106960
594176
594256
786944
594336
786976
787008
787040
594432
594688
787136
787232
107920
594848
787328
594928
787424
595008
405344
108048
787520
787616
108192
595152
595376
787712
787808
787904
405456
788000
595552
788096
595584
108496
595616
788288
595664
788912
108864
407024
788976
595696
789040
789216
595888
789312
596048
789456
109200
789600
408592
596288
789760
789904
596352
109664
790048
790192
596416
109792
596480
790336
596544
790480
110064
790624
596576
110112
596736
110368
596784
110560
596832
596944
597056
791200
110704
597168
597344
791280
111040
111184
791408
597488
597648
111280
791520
412576
111424
791904
597696
412720
597920
412864
597968
111584
413008
792192
598048
111728
792496
413152
598112
413296
598208
792800
413440
111888
112032
793104
598272
598336
793408
112192
598496
793712
112288
598592
794016
598768
112464
415008
415088
794320
598880
794624
598960
599104
794928
599184
415168
599248
795232
599344
795536
599440
113536
795840
599632
796144
599904
416848
796448
114304
416928
600176
796752
417008
600304
114352
600528
114400
417088
797056
600592
417168
114448
600720
797360
417248
600784
114496
797664
600832
114832
114944
115136
797968
417328
600864
115184
600944
417408
798272
601024
417488
115200
417568
601088
115328
417648
798576
417728
601264
798880
601392
417808
799184
417888
116032
601600
417968
418048
601680
799488
418128
116064
601760
799792
601792
418208
800096
418288
601856
800400
418368
418448
601888
116384
800704
418528
601920
418608
801008
601952
117104
602000
801312
602048
801600
117360
801888
418688
602128
802016
117392
602176
602272
117568
117616
602352
418768
602432
117760
602512
418848
602608
117872
418928
802096
419008
117920
118160
602688
602768
118208
419088
118256
419168
602864
419248
118336
603040
118448
603088
802600
419328
419408
603232
118496
419488
118592
419568
603344
118624
419648
603504
419728
118656
603664
419808
802976
603744
118768
803376
603824
419888
118992
803456
603904
419968
420048
420128
119056
603984
420208
803536
119696
803616
604064
420288
803696
604144
119728
803744
420368
119792
604224
803792
420448
803840
604304
420528
803872
420608
119872
803904
420688
420768
604384
803936
803968
604480
420848
604672
120144
804000
804032
604736
420928
804064
421008
804096
804128
604800
804160
120176
604864
421088
804192
804224
604960
804256
120672
421168
804288
120704
421248
421328
804320
605264
421408
120736
804352
120768
804384
421488
605568
421568
804416
120800
120832
804448
120896
804480
605872
120928
804512
120960
804544
606000
120992
804576
606080
121024
606160
121056
606240
804640
121088
804704
121136
606416
804768
606752
121184
804800
606816
121280
804832
804864
121312
606880
121360
804896
121408
606944
804928
121440
606992
121472
607040
121504
804960
607088
804992
121536
607136
805024
121568
607184
121600
805056
805088
121632
805120
121664
607232
805152
805184
805216
607280
121696
121808
805248
607456
805280
121936
805312
607504
607552
122160
805344
607600
122272
805376
607664
122352
805456
607712
805520
805584
122384
607760
122416
607840
805648
607920
805712
608000
805776
122480
805840
805904
608112
122544
608224
805968
608336
608448
122768
608560
806032
123056
608656
608752
123312
123600
608848
608912
123664
806736
123712
608960
123760
609088
123824
609216
807232
123872
609344
123888
609472
123952
427072
609600
123984
427264
807728
609728
609856
609984
610112
610240
610288
124032
610368
610416
610464
124544
428000
124592
610544
428368
124688
124720
610624
428832
610864
124896
429312
610928
610976
124960
125040
429760
611024
125104
611088
611152
430224
125136
611216
125216
611280
611344
125248
611408
810640
125280
611472
811024
125296
611536
125328
611600
611664
611728
431120
611792
431408
611856
611920
431776
611984
432144
612048
125952
126000
612112
432512
612176
432880
126016
612240
126032
612304
126080
433248
612352
612400
126128
612448
612496
433728
126160
612544
434208
612592
126416
434688
126448
612720
126496
612784
435168
612848
126544
126624
612912
612976
613040
126640
613104
613168
126864
613232
127088
613296
613360
613424
613488
127168
613552
127856
613616
127904
613680
127952
613888
128032
436128
812208
614096
128048
436176
614304
436224
128384
436272
436320
614512
436368
812560
614720
436416
614928
436464
614976
436512
128432
813040
615024
436560
813680
615072
813744
615120
615168
436608
436656
813808
128896
813872
436704
615216
129312
615264
436752
813936
615312
129472
814000
615536
436800
129536
814064
615760
436848
436896
129680
814128
814192
436944
615984
436992
129760
814256
437040
616208
437088
814320
129808
616432
437136
814384
814448
616656
437184
814512
437232
616704
129904
437280
814576
130240
616752
616800
437328
814640
814704
616848
437376
437424
130432
814768
437472
616896
616944
437520
616992
130944
437568
814832
617040
814896
131008
617088
814960
617136
815024
617184
131152
617264
815088
815152
617344
815216
617424
815280
617504
815344
617584
815408
617664
815472
617744
815536
131360
815600
617824
815664
815728
617904
815792
617984
618064
132976
815856
618144
815920
439008
618224
815984
618304
816048
439152
816112
618384
618464
133568
816176
618544
134720
439472
618624
134768
816256
618704
816480
618784
618864
816560
618944
134816
816784
619024
619104
816976
619184
619264
619344
135696
135728
619424
135776
619504
135888
619584
817104
619664
619712
135968
817184
619760
136016
619808
817376
136144
817600
136256
619856
817824
620080
620128
136384
620176
818048
136528
620224
818272
620272
818496
136768
620320
818720
136992
620368
818944
620416
819040
137104
819136
620464
137328
819168
620512
620560
819200
620608
620656
137424
819296
137488
819392
620704
137536
137600
620752
819488
137632
620800
819584
620848
819680
620896
819776
137680
620944
819872
137872
620992
819968
621040
137952
138000
820064
138016
621088
820160
138160
820256
621264
138240
820352
621408
820448
138272
621552
138352
820528
621696
820592
138528
621792
622000
820688
443120
820704
820720
622208
622304
820768
622448
138560
821280
622560
821328
622608
622656
821376
622704
821424
821472
139872
622768
821520
622832
821568
622896
821616
622944
821664
622992
821712
623040
821760
623088
821808
821856
623136
821904
623200
623264
623312
821952
822000
822048
623360
822096
822144
822192
822240
623408
140560
623456
822288
822336
623504
141984
623552
822384
623600
822432
822480
623648
822528
822576
623696
822624
623744
623792
822672
623840
822720
142080
623888
822784
143232
822912
623936
823040
143392
623984
624032
624080
143440
823184
624128
143488
823296
624176
143536
823456
624224
143712
624272
823616
624320
624368
823776
143744
823936
624416
824096
824288
624464
144240
624512
824480
624560
624608
624656
144432
624704
144928
145312
624752
624800
624848
825744
624928
825840
825872
625008
826144
625088
145328
625168
826416
826688
625248
625328
625408
827008
625488
147552
827056
827120
625568
625648
827184
625728
625808
626016
626224
626432
148848
626640
626848
627056
149216
627264
627472
149584
827584
149632
627680
827792
149760
627888
150016
828000
628096
628304
828208
150064
828416
628512
150112
828624
150144
828832
628720
150192
829040
628928
150224
150256
829248
629136
150288
461488
829456
629344
829664
461552
150416
150560
629552
829872
150592
629760
830080
150656
629968
150704
830288
630176
150768
830496
630384
150832
830704
630592
830912
150864
831120
151152
630800
151216
831328
151280
831536
631008
151296
631216
831744
831952
151312
631424
832160
631632
832368
151376
631840
832576
632048
152096
632256
632304
832784
632352
152128
832992
152192
632416
833200
632480
152224
152416
833408
833616
632544
833824
632608
632656
152864
834032
632704
834240
632752
632800
834448
152992
632816
632864
834656
632912
153312
153568
632960
834864
153632
153648
633008
835072
633104
835280
633232
835488
633280
835696
154224
154256
633328
835888
633376
835984
154304
633456
633504
836416
633552
154384
633600
154416
633664
836480
633680
633728
633792
154656
836560
633856
154800
836640
633904
836720
836800
633968
634016
154944
836880
634080
836960
634128
634224
155008
837040
634240
634320
837120
837200
634384
634544
837280
837360
837440
155648
634608
155968
837520
634656
634704
156128
837600
634752
837680
634800
634848
634864
837744
634912
837808
634976
837904
635104
635168
156384
838000
838096
157248
635216
838208
635264
635312
157312
635392
838320
635472
157344
635552
838352
157552
635616
157888
635680
838384
157936
635728
838480
158176
838576
635776
838672
635840
158400
838768
635952
838864
158640
636000
158928
838960
636048
839056
159264
636160
159408
839152
636208
159472
839248
636256
636352
839344
159536
636400
839440
636480
159568
839552
839632
159840
160112
636560
464528
636608
160144
839744
636656
636704
636752
636800
839920
636848
465520
636864
840096
636880
160176
636928
161216
637008
637056
840304
161248
637088
637136
161312
840368
637184
637232
840416
840496
637280
637440
637488
162560
637504
840576
162672
637600
841136
162784
637648
637856
638064
841696
638112
638160
162944
638208
638256
638336
163376
638400
842192
638448
638608
163600
638656
163712
638704
638752
638960
842752
639040
843712
639104
639168
843808
639232
843904
639296
639376
844000
639456
639536
844144
639648
844256
844368
844480
639760
844576
639872
844656
639984
640096
844752
640240
844848
640384
844944
640544
845024
845120
845200
640624
640704
845360
640768
640832
640896
640976
845520
641040
641136
845728
641200
845936
641264
641424
846144
641504
846352
846384
641680
846416
846448
641856
641920
846480
846512
642032
642144
846544
846576
642256
846608
642368
642480
846640
642592
846672
846704
642704
846736
642816
846768
642928
846800
846832
846864
643040
846896
846928
643152
846960
643264
643440
847072
643616
847168
643792
847264
643968
847360
644144
644320
847456
644496
848176
644672
848720
644848
848768
848816
848864
645024
848912
645200
848960
645376
848992
645440
645568
849024
645696
646192
646304
646416
646480
849696
646560
646704
849760
849808
646784
849856
849904
646912
647040
647072
849952
647120
647232
850000
647376
850048
647504
647600
850096
850144
647792
647856
647936
850256
469424
469552
850352
850416
469680
850448
850560
469808
850592
469936
648928
850672
470064
649040
850768
470224
649296
470304
470384
851424
649552
470480
649808
649936
470576
851456
650048
470672
650160
851888
470768
650272
470864
852160
852432
470960
852448
650384
650496
852464
471056
471152
852512
650608
650704
650784
650880
852528
471264
650976
651040
471360
852544
852976
651104
853040
651168
471456
853104
651232
651328
651424
471552
853376
853424
853472
471648
651520
471744
171280
853680
651616
171584
651712
471840
171616
651808
471936
171696
651904
472032
651984
472128
853888
171728
652176
172512
652368
472224
472320
652592
853952
652816
172544
854960
173120
855040
173152
472416
653040
173296
472512
653280
472608
653520
173328
472704
173744
653760
653984
472800
173776
174192
654208
472896
654432
174224
654672
472992
174640
174672
654912
174704
174736
473104
655152
473200
174768
655472
473296
174800
655536
174864
473376
655600
473472
174896
174928
473568
174960
174976
473648
655664
473744
655728
175008
655776
473840
473936
655888
655936
175056
474032
656032
474128
656128
175168
474224
656224
656320
175200
474320
656416
474416
175248
656464
656592
474512
656656
474608
175376
656688
474704
176048
656720
656752
474800
176096
474896
656784
474992
656816
176128
475088
656880
656944
475184
657008
176496
475280
657072
475376
855776
855888
475472
657424
856000
475568
176592
657776
856112
176640
475664
856224
658144
475744
176768
856336
475856
658176
856448
475952
658208
658240
177216
856688
476048
658272
856928
476144
658304
476240
177536
476336
857040
658336
857152
658464
177584
476432
857264
177648
476528
857376
658496
658528
476624
857488
476720
177760
476816
658560
857600
476912
477008
177808
658912
857712
477104
857824
477200
177920
659264
857936
477296
178032
477392
858048
659616
178144
477488
858160
858272
178256
477584
477712
659968
858384
178368
660016
660048
477808
858496
660080
178480
858608
660112
178592
858720
660144
178720
858832
660192
858944
178832
660560
859056
178944
859168
660912
179056
179168
859280
179280
661264
859392
661616
859504
661968
662016
662064
662112
662160
859616
662336
859728
662368
859840
662400
859952
860064
860176
860288
662576
860400
181072
663104
181136
663984
664160
860624
664336
860736
664512
861024
664688
861040
664864
861056
664912
664960
861072
665008
665360
861856
665712
861936
666064
184080
666112
666160
184128
862224
184176
862384
862672
666208
184272
666432
184304
666784
862704
666992
667216
667264
863536
185008
667312
185408
667664
667712
185440
667808
864336
865616
667888
185616
185664
668064
482128
668240
185952
668416
186016
668592
482496
668880
482752
186336
482992
186384
186416
483232
186448
483312
186480
865824
186528
669216
186576
483392
669360
483472
669456
669552
483552
483632
186720
483712
669696
483792
669840
483872
483952
669968
670048
187280
484032
870256
670128
188224
484112
188352
670240
484192
188368
870560
670384
484272
188576
484352
188608
670528
670592
484432
188640
188672
871104
484512
670656
670784
484592
188704
484672
188736
670848
188768
188800
670976
188848
188896
671104
484752
671376
484832
188944
871632
671504
188992
484912
671632
484992
189104
671760
872000
485072
485152
671888
872368
485232
672016
485312
189328
872736
672160
190192
485408
672288
485488
190320
672416
873104
672528
873472
190448
672656
873680
873744
873808
672784
873872
486256
873936
672912
672976
190752
874000
191344
673040
191392
874064
673104
874128
191472
874192
874256
191616
191648
191680
874320
488352
874384
191712
488400
874448
874512
673328
488448
874576
488496
191808
674048
874640
874704
488544
674112
874768
674192
192304
488592
874832
674272
488640
874896
488688
674352
874960
674416
488736
674480
488784
488832
674544
875024
875088
674608
488880
674672
875152
488928
674736
488976
674800
875216
875280
674864
875344
489024
489072
875408
489120
875504
489168
875600
675072
489216
875680
675152
489264
675232
875760
489312
675312
195328
875840
489360
675456
489408
195360
875920
195696
876000
489456
195728
675536
876080
195760
675616
489504
876160
489552
195824
675696
195968
876240
675776
876320
489600
196000
876400
489648
675856
876560
196032
489696
675936
196080
876656
489744
676016
489792
876752
196144
489840
876848
676096
196192
877056
196208
676176
489888
877152
877248
676256
490160
877312
196224
676352
877376
196416
877440
196464
676432
877472
196496
676512
196544
877552
196672
676592
877632
676688
877712
196768
877792
676768
196976
877904
878016
676848
197200
878128
878240
676928
677008
197536
677088
878368
677168
677248
677344
878432
677440
878512
878592
677536
878672
677632
677712
677792
878752
677872
879376
677952
879472
678032
678112
879552
678192
879632
678272
879808
678368
879872
678448
879936
880000
678528
678608
678704
678784
678880
880064
881024
200960
678960
881088
679040
881152
679120
881216
679200
679280
881280
679360
679440
679520
679600
679680
679760
201056
679856
679952
881696
680048
202672
882464
680128
202800
680208
202960
203008
680304
203168
882784
680432
203344
680512
680592
203552
680672
680752
680832
680912
680992
681072
681152
203696
204288
681232
681312
681392
681472
883520
204336
681552
884256
681632
205296
884320
884432
681712
205424
884560
884592
681808
205584
884624
681888
884736
205808
681968
884848
682048
885216
206064
682128
885424
206352
885472
682208
885520
206496
885552
682288
885584
885632
682384
885680
206704
206736
885728
682480
885776
206800
885824
682576
885872
885920
682656
206848
885968
682736
886016
682816
886064
886112
682896
886160
682976
886208
683056
207312
886256
683136
886288
683216
886320
886336
683296
886352
683376
886368
207744
683456
886384
207760
207888
886400
683536
886464
683616
886512
207952
683696
886576
683776
886672
208048
683856
886768
683936
208288
887104
684016
208368
887200
684096
208400
684176
887296
208432
208480
887712
684256
208544
684336
208688
887840
684416
888112
208832
684496
888176
208944
684576
888240
684656
888304
208992
684736
209216
888368
684816
209248
888432
209280
684896
888496
888560
684976
209344
888624
209408
888688
685072
209424
888752
685152
888816
209440
685232
209600
888928
685312
889040
685392
685472
889232
889728
685552
889792
685632
889856
889920
685712
889984
685792
890000
890064
685872
210384
210432
890128
685984
890192
210448
686064
210480
890256
686144
890528
686224
890592
686304
890656
686384
890720
686464
210960
890784
686560
890800
686640
890864
211184
686720
890928
211232
686800
890992
211264
686896
211296
891056
211344
891360
686976
891440
211376
687056
891520
211424
687152
891600
211488
211520
891680
687232
211568
891696
687312
891760
211600
891824
687408
211632
891888
891952
211664
687488
211728
687584
211776
892032
211824
687664
892112
687744
211856
687840
211888
892240
211936
687936
892512
211968
688032
892592
212016
688128
892624
212080
892656
212112
688208
212160
688288
892688
688368
212208
688448
212240
688528
212272
688608
688688
212320
892720
212352
688768
688848
212400
893792
688928
212464
689024
212496
689104
212544
894144
689184
212592
689264
212624
689344
212656
689424
894640
212704
689504
212736
689584
895232
212784
689664
895968
212848
689744
896064
689824
212880
689904
896144
212928
689984
212976
690064
896224
896400
213008
690144
896464
213040
690224
896528
213088
495200
213120
896640
690304
213168
690384
213232
496352
213264
496480
213312
690576
213360
690784
496608
213392
690832
213424
896672
213472
213504
691088
213552
496736
691392
898544
213616
691696
213648
497712
691792
213696
497936
692000
213744
692128
213776
899184
498160
213808
692176
498336
213856
692496
498448
213888
213936
692544
498560
214000
693152
214032
214080
499120
214128
214160
499680
693296
214192
899904
499872
214240
499952
214272
214320
214384
500160
900656
500240
214416
500320
214464
500400
693904
214512
214544
500608
901424
695088
214576
214624
695296
214656
214704
214768
695760
902208
214800
695776
214848
695840
214896
696016
696176
214928
903008
214960
696272
215008
215040
696592
215088
696912
215152
903808
697232
215184
215232
697552
215280
215328
697872
215360
698192
215392
698272
904688
698352
215424
909232
698432
909312
215488
215536
698512
909392
215568
698592
909520
506416
909600
215600
506512
215664
215712
215744
698704
215776
506704
699504
507072
215840
699680
215888
507184
215920
699792
215952
699984
216016
216064
700048
216096
216128
700576
216192
700784
700864
216240
216272
701008
216304
216368
701456
216416
701664
216448
701712
216480
216544
216592
216624
216656
914800
216720
216768
702048
216800
702720
216832
914896
702800
216896
702880
278368
915296
702960
278448
915344
703040
278480
278544
703120
703200
915424
278608
915456
703280
278672
915488
278736
703360
915568
703440
278800
915696
703520
915776
278864
278928
915824
278992
703600
916048
703680
916080
279056
916128
279120
703760
279184
916208
703936
279248
916368
704112
279312
279376
704288
916432
279440
916496
704464
279504
704640
916512
279568
704816
279632
916544
279696
704992
916576
279760
705168
916640
279824
705344
916720
279888
705520
916800
279952
705696
280016
916880
705872
280080
916912
280144
706048
917040
280208
706160
917168
280272
917264
280336
917360
706448
280400
917392
280464
917424
917456
280528
706736
917504
280592
917568
706880
280656
917632
280720
707024
917664
280784
707168
280848
707312
280912
707456
281008
707600
281104
707744
281200
707888
281296
708032
281488
708176
281584
281680
708320
281776
708464
281872
708608
281968
282048
708752
282128
708896
919296
282208
919376
709040
282288
919408
709184
282384
282464
709328
282544
709472
282624
709616
282720
709760
282800
709904
282880
710048
282960
283040
710192
710336
283120
710480
283312
710624
283504
710768
283584
710912
283776
283968
284160
711456
711712
711968
712224
921344
284336
712480
712736
284528
921888
712992
284720
923408
284912
713248
923440
713504
285104
923520
285200
923760
713760
285296
924000
285392
714016
924064
924128
285488
714272
285584
924224
714528
285680
924304
714784
924384
285904
924576
715040
286144
924768
286336
715296
924800
924832
286528
715552
924928
286720
924992
286912
715808
925056
925136
716064
287104
287296
716320
716576
287488
925440
716832
287680
925760
287872
717088
288064
926080
717344
288256
717600
288448
717856
288640
926704
718112
288832
288912
926768
718368
288992
289072
718624
289152
718880
289232
719136
928624
289312
719456
928704
928832
719616
928912
289600
289904
928992
719888
929232
290016
720448
929472
720528
929712
290304
720608
521136
929952
290592
521216
930016
720688
930080
290624
720768
290880
720848
290976
720928
291056
720992
721088
291088
291392
721536
291712
291808
721808
291904
722256
292000
523344
722544
523440
292096
523520
292192
722832
523600
292224
723136
523680
930144
292544
723440
523760
523856
292592
723744
523936
292912
723936
524016
292992
524096
293072
724128
293152
724320
524192
293232
293312
524320
724512
293392
524496
724704
293472
293552
524672
724896
293632
524848
725088
293712
525024
293792
725280
293872
525200
293952
525376
933136
725840
294032
525552
294112
726240
525728
294144
726352
936112
525904
294176
726416
294208
726480
294240
526080
726544
294272
936768
726608
526256
936816
726672
294304
526432
726736
526608
294544
936992
294672
526784
726800
937072
526960
294752
726864
294832
527136
726928
527312
937168
726992
527488
937264
294912
727056
294992
727120
937632
295088
727184
295168
937712
727248
937808
295264
727312
295392
727376
937888
295472
727440
938080
727504
295552
938272
528896
295632
727568
938464
727632
295712
938656
295840
727696
529408
938688
295920
727760
938720
727824
296000
727888
938752
296080
529920
727952
296176
938832
296304
728016
938912
938992
296384
728080
939056
296464
728176
728272
296544
939120
728336
939184
296624
296720
728464
939248
728592
296800
939328
728720
296928
939376
297008
728848
939408
728976
297088
939552
729104
939680
297200
533040
729232
939760
533360
297488
729360
939840
297776
729488
939920
533680
297808
940000
729616
534000
297888
940080
729744
297920
940112
729872
534064
297952
730000
534384
940208
298080
730128
534448
940288
298112
730256
298240
534768
730384
298272
730512
535088
298304
730640
535408
298640
535488
730768
298720
730896
535520
298800
535744
731024
941424
535840
731152
298832
731216
535936
299056
299088
536160
731280
299120
536256
731344
941824
299152
536352
731408
299184
731472
536512
299216
731536
536608
731600
299248
536832
731664
536928
299504
731728
537008
299600
537088
731792
537168
299856
537248
731856
537328
299952
731920
537408
300208
537472
731984
537552
732048
300304
537632
300560
943024
732112
537696
300656
537776
732176
537856
300912
732240
301168
732304
301264
732368
943376
301520
537920
943472
538480
301616
538544
301872
538608
943568
301968
538672
944176
302224
538912
732608
302480
732880
944288
539008
302576
539104
302832
944400
539136
732992
539168
944720
302928
539264
303344
539360
945040
303440
539456
303536
945360
539616
303632
539648
733232
303728
539680
734080
539712
303824
539744
303904
303984
539776
734256
304064
539936
734848
735008
540176
304192
540304
304272
304400
540464
735088
304480
735728
540704
304608
304688
540976
304768
948448
541248
304848
541520
735824
304976
541792
305056
542000
305184
542080
948832
305264
542272
305392
542400
949312
736864
305472
542480
305600
542608
737776
738128
542688
305680
738192
305808
950192
738256
542768
738544
305888
306016
543264
738608
306272
950944
739120
306304
739216
543760
739312
306400
739408
739600
306512
951712
544256
306688
544752
739648
544800
739792
306720
544848
306752
306784
544896
952496
306816
544944
306848
544992
306880
545040
306912
545120
306944
545184
739968
306976
953296
740048
545248
307008
545600
740080
307264
545632
545664
740192
307520
307600
545696
954096
740224
307696
545856
740752
307728
740784
307760
545888
740816
307792
546288
307872
546448
740848
955008
740880
307952
740912
308032
740944
308064
546608
740976
547168
547216
741008
308192
955888
547264
741040
308224
547312
741072
308304
547360
741104
547408
308336
741136
547456
308416
741168
547504
308496
547552
741200
547600
741232
308576
547648
741264
308656
547696
741296
308736
547744
741328
547792
308816
547840
308896
741360
547888
308928
547936
308960
547984
548032
309088
548080
309120
548128
548176
309152
548224
309392
548272
548320
309632
309680
309712
309744
309856
309984
966224
966256
310096
966304
310224
310336
310416
310496
310576
310656
310736
310816
310896
310976
311056
311136
311216
311296
311376
311456
311536
311616
311696
311776
311856
311936
312016
312096
312176
312256
312336
312688
312768
312864
312960
313040
313120
969008
313200
314448
315760
970288
973168
315888
973408
315952
973472
316080
973520
316160
973712
316240
316320
973744
973776
316480
973840
973920
973984
974048
316784
316880
316976
317120
317216
317264
317312
317360
317408
317456
317504
317552
317600
317648
317696
317744
317792
974464
317840
317888
974544
317936
974624
317984
318032
318080
974800
318128
318176
974864
318224
974928
318272
975088
318624
975152
318720
318832
975216
319776
975600
320080
975696
320160
320224
975808
320288
320352
320416
320480
320816
321040
321264
321488
322720
322800
322880
323424
323888
324352
324832
325312
325792
326016
986224
326240
986272
986320
326464
326688
326912
327984
328656
993296
993344
329328
993472
330016
993696
330624
331296
331408
331520
331632
331744
331856
331968
332080
332192
332304
332416
332528
332640
332752
332864
332976
333088
333200
333312
333424
333536
333648
333760
333872
333984
334096
334208
334320
334432
334544
334656
334768
334880
334992
335104
335216
335328
335440
335552
335664
335776
335888
336000
336112
336224
336336
336448
336560
336672
336784
336896
337008
337120
337232
337392
337504
337600
337696
337792
337888
338032
338176
338288
338400
338544
338960
339408
339856
340304
340752
341200
341648
342096
342544
342992
343440
343888
344336
344784
345232
345680
