88896
88944
99280
111056
99424
111184
89024
79856
111264
111296
89200
111328
99696
89328
79920
89456
79984
80064
99952
80112
89584
80160
89664
80224
89792
89840
89904
89952
90000
90048
100624
90096
101072
90176
112528
90352
101264
90544
101952
102048
90608
102144
102224
90736
81488
90832
81584
90896
90976
91056
102288
91152
91248
91328
91408
102592
91488
102816
102976
82048
103152
103200
92000
103264
82432
92208
92336
92560
82752
92624
114528
114592
114608
92704
93120
103520
93296
93344
93392
93440
93488
93536
115264
104384
93584
115328
104592
93632
93680
93728
104672
105264
93904
116704
117232
105360
85568
85776
85872
85952
86048
86096
94176
105824
86144
94288
94368
94448
119472
86304
94544
94640
86656
87008
87168
87264
94688
87360
94768
94896
87520
94960
87696
87760
95120
95280
87920
88000
95344
88064
88128
88208
88288
95456
88352
88416
88496
88560
88640
88752
88848
95728
106224
96000
96272
96384
107408
96672
96752
108064
96832
108224
108400
96960
97056
108464
97104
97168
97312
108576
97472
108848
97568
108928
109088
97728
109264
109312
110032
110080
110208
110432
97840
98016
98320
98400
98576
98624
98672
98768
98848
98944
99008
99072
