284208
186576
227760
284336
227808
284400
227856
284448
284512
284576
284640
284704
284768
284832
284896
227936
186624
228016
186672
186720
228064
186768
228112
186816
186864
187168
187408
228160
187648
285072
187888
285264
285440
228208
228336
285632
188192
228464
285808
188432
228592
188576
285984
188720
228672
286160
188768
228800
188816
286336
228912
286512
229024
229072
188864
229120
188912
229168
188960
229216
189008
189056
286576
229264
229312
189104
229360
189152
189200
229408
229488
189248
286624
229616
286688
339264
286736
339280
189296
229744
339296
189344
286816
229792
339312
229840
230016
230096
189392
286896
230352
286976
230480
339328
189440
230528
230592
230640
230688
339344
287056
230848
287136
287216
189488
287296
339360
189536
231008
231056
231104
231152
231232
231280
231408
189584
189632
189680
189728
189776
189824
189872
287376
189920
231456
287456
189968
287568
287648
287728
287808
287888
287984
288080
190016
288176
190064
190112
190160
190208
190256
231504
190304
190352
190400
190448
190496
231680
190544
231728
231776
190592
190640
190688
231824
190736
190784
231872
190832
231936
190880
288272
232096
232256
232320
288320
190928
288384
288432
232384
288512
288592
288672
288752
190976
191024
288832
289024
289088
191072
191120
191168
232592
191216
232800
289152
232880
232960
233168
191264
233376
289264
191312
233584
289376
191360
289488
191456
289584
233792
289664
191632
233872
191840
289760
191936
233968
289856
192032
289952
234064
192128
291200
192288
234160
192384
291296
234256
234352
292640
192544
294032
294656
234448
192640
234544
294928
295104
192800
295280
234640
234736
295744
192896
234832
192992
193088
193184
295808
234928
235024
235200
235376
235456
235536
235616
295856
193280
295904
193376
296224
296448
193472
296496
193568
297472
193664
193744
298560
193840
298640
235680
193888
298688
236048
193936
298752
236112
298848
193984
194032
299232
194080
299280
194128
194176
194224
194288
194448
299488
194528
194608
194704
299600
194768
299664
236448
299728
299792
194832
236800
299856
194896
236848
194960
299904
237184
195024
237232
299952
301472
195088
237280
237344
195152
237408
302160
195216
302208
195280
237472
195344
237760
195408
238048
302256
195472
238336
195536
302304
195600
302352
238384
195664
302400
238432
302448
238480
195728
302496
238528
302544
195792
302592
302640
302736
196112
196400
238816
302832
196448
239104
196496
196544
196592
239392
302928
239680
303024
239968
196640
303168
303264
303360
196688
303456
196736
303552
196784
303632
196832
196880
240016
303680
196928
303744
240064
240368
196976
303856
197024
240672
197072
303904
304016
240736
197120
240800
240864
197168
240928
241216
241504
241792
130736
197216
241968
138880
304672
197264
242144
197312
304736
138944
305072
308608
308912
242224
197360
308960
139008
242384
197408
309008
139072
242560
139136
197456
242848
309056
243136
139200
309104
197504
243200
197552
243264
309280
139264
243568
243632
197600
243760
197648
309456
139328
197696
309648
243856
309856
139392
244000
139456
139552
197744
244144
244240
244304
139648
244704
139728
244832
139808
310064
245056
245120
139904
310128
197792
245184
245248
245344
311728
245440
197840
245536
311792
245616
311840
311920
245696
311984
245792
312064
245872
197888
140000
140096
312128
245952
140192
197936
197984
246032
198032
312208
246112
198080
140288
198128
246192
140384
312288
246272
140480
312880
246352
140816
313120
246432
141152
246512
313792
198176
246592
141488
198224
314240
141568
314288
198272
141648
314336
198320
246672
198368
141744
246752
198416
141840
314384
141936
198464
142064
198512
142352
314432
314480
142416
246832
314528
142464
246912
198560
142560
314576
142656
314624
142752
198608
142848
143056
143264
247296
198656
247344
314672
247408
247632
247712
248032
248240
198704
198752
314752
198800
315136
143312
315184
143360
315232
143408
315312
248384
143456
248608
198848
143504
315824
315920
316160
316256
248832
198896
143552
249056
198944
143600
317232
143664
198992
317568
143776
249280
143888
317776
199040
249552
144000
199088
249824
199136
249904
199184
249984
199232
199280
199328
199376
199424
317936
144112
144160
144256
144352
144432
318048
318112
318160
144512
250064
318208
199472
318256
250144
199520
318320
250224
199584
318368
250304
199632
318656
250352
199776
318720
250432
318768
199856
250544
318832
250624
144592
250704
318880
144672
318960
144752
145072
145152
145472
145552
199936
145872
318976
250864
200016
251008
200064
251088
145952
251216
146272
327584
251344
327632
251472
200112
327760
146352
146560
251696
251936
252016
252096
327856
252176
327952
252256
327984
200160
328080
252320
328256
146608
252400
200208
328272
200256
200304
200352
146704
146800
252576
252752
252848
252944
253040
253232
200400
253408
146896
253584
253728
253776
255136
255504
147296
255552
255600
148128
255648
148208
255696
200592
148288
255744
200640
255792
148368
148448
148528
149296
255840
200912
150400
255888
151584
255936
201200
255984
201472
256032
201792
256080
202096
256128
202400
256176
202864
256224
203328
256272
203792
256320
203904
204416
151632
151680
151904
152000
256368
204784
205136
256416
152096
205216
256464
256512
152304
152400
152592
152672
205296
152736
205376
205456
205536
205616
205696
205856
205904
152800
256560
256608
152864
256672
152928
205952
206016
152992
206064
256736
153024
153088
206112
256800
153216
206176
153312
256864
206224
153568
206272
153616
206336
154048
206400
154544
206480
155040
206560
155584
206640
156128
206704
156432
256928
256992
257056
257120
257168
257216
206768
257264
206848
257312
206928
257360
206992
257408
207056
207136
207200
257456
207280
207360
207424
207488
257504
156720
207568
156784
207616
156848
257552
207680
257600
157056
257648
157264
257696
157648
257744
207776
158032
207856
257792
158176
158320
158464
158608
158704
257840
257888
207936
208016
257936
257984
208096
158800
158896
158992
208160
159296
258032
159600
258080
208208
258128
258176
208272
258256
208336
258432
159904
208384
160208
208432
160768
208496
161248
208608
161808
161920
162032
258576
258944
162144
259616
208720
260288
260960
261632
162256
261680
261760
208832
261984
208944
162368
262208
209008
262432
162480
162592
262656
209152
262752
162704
262816
162816
162928
262896
163040
209296
262976
263056
209440
209584
209664
263136
163152
209728
163264
163376
328704
163488
263248
209808
263328
209888
263408
263488
209968
328752
263568
328901
263664
263760
210032
263808
210096
163600
163712
163824
164144
164464
210176
164784
210256
165104
263888
210336
329008
165360
264016
210416
329104
165616
264096
210496
165664
329328
264352
165920
329424
329456
264528
166176
264720
264912
210576
265104
329488
210656
166432
265296
166688
329664
329680
329824
329840
329936
210736
166848
265488
167232
167616
265680
210800
168000
330000
210880
265744
265808
265968
168384
330048
266128
168448
330112
266288
168512
168576
266448
168640
266528
168784
210944
330144
210992
211056
211152
168912
211248
211296
266608
169120
266688
169184
266768
169216
266848
266928
211344
330240
169248
266976
267024
330304
169280
267072
330336
169312
211392
330432
211440
211488
330704
211536
267120
169344
169376
267184
331088
169408
267248
331136
267296
169440
331216
211584
331344
267520
169600
169920
170112
267744
331424
211632
170224
331488
211680
211984
170336
170448
331552
212272
267968
212464
268192
212656
268256
212864
170560
268320
170672
331776
331824
170784
213040
268592
170960
331872
268656
171120
268720
331968
171264
332112
213200
171408
268800
332144
213376
172032
214384
214944
332240
172656
215104
332272
215312
268928
332448
173104
332528
173216
269296
269360
269424
173328
332560
215504
269472
173440
215808
332624
173552
269760
173680
215872
332656
269888
173808
215968
216112
332720
216192
216336
270016
216416
173936
270288
174064
174208
270576
216512
332944
270848
216576
332960
174352
216672
332992
174496
216736
333024
270960
174640
333696
216832
271120
271200
271280
333776
271360
333808
271424
216896
216976
174752
174864
333840
333872
333888
271488
333904
271904
217136
174976
175232
175488
272048
217296
333936
272192
272336
272416
175744
333968
217392
272496
176000
334000
176128
217456
176240
272560
217504
334048
217584
334064
176352
272624
176512
273216
334112
273376
273664
217744
176672
273952
217904
218064
218224
218272
334160
218352
334240
218816
334304
176848
274000
177024
334384
274048
177200
274096
177376
219168
334400
274144
274176
274208
334480
219360
177536
274496
219936
334560
177696
220352
177856
220416
334624
274544
334704
178016
178176
178336
220480
220560
220624
220800
220960
274592
274928
275248
221024
275536
334752
178384
334800
276576
334848
334880
335904
221088
221152
178464
221232
276640
335920
178544
221328
277280
221392
277328
335968
336368
178624
277392
178704
221504
336448
277824
336464
221616
277904
178784
277984
178864
221696
278064
178944
221760
278144
278224
336480
336656
336688
221824
336704
179024
336864
179104
179152
179200
221904
179264
278304
179312
221968
222048
278384
336896
278464
222160
278544
278624
337296
278704
337312
278800
222272
279008
222368
337584
279056
222432
337952
279120
222512
338096
279168
222576
338256
279264
222656
338272
179360
179408
279440
179456
179504
179552
179616
179680
179728
179776
179968
222816
223088
223248
223408
223552
223696
223840
223984
224128
224272
279552
279728
180016
224320
338288
280144
224400
280240
224448
180064
224496
280336
181008
224544
280432
224592
280528
224752
280624
338304
338320
181056
181104
338336
181152
338368
224944
181296
280704
338400
225136
338416
338464
338480
338496
338512
225184
181440
181584
181728
181760
181808
182080
280784
182464
182864
338528
280864
183280
225232
280944
281040
281136
281232
281328
281376
281440
225280
281488
281552
225328
338608
281632
225376
183328
225440
183376
283792
225504
338656
183440
225632
283840
183504
284000
183568
284048
338672
225760
338688
225888
183616
226016
183760
226064
183856
284112
226112
226160
226208
226288
226368
184080
226448
184192
184496
226528
226576
184640
184960
226800
227024
227248
227472
368272
227520
368304
227568
368336
227616
185120
368368
227664
227712
368400
185440
185616
185936
186256
