227760
284208
227808
186576
284336
284400
186624
227856
284448
186672
227936
284512
228016
186720
186768
284576
228064
284640
186816
228112
284704
228160
284768
186864
187168
187408
284832
187648
228208
228336
228464
284896
228592
285072
187888
285264
188192
188432
228672
228800
285440
285632
285808
228912
188576
285984
229024
286160
229072
286336
188720
286512
188768
286576
188816
286624
229120
229168
229216
286688
188864
339264
229264
229312
229360
229408
229488
229616
229744
188912
339280
286736
188960
286816
189008
229792
286896
229840
339296
339312
189056
286976
230016
189104
339328
230096
287056
189152
230352
287136
339344
230480
287216
230528
189200
287296
287376
339360
287456
230592
287568
287648
189248
287728
287808
230640
230688
287888
189296
230848
287984
231008
189344
189392
288080
231056
231104
231152
189440
231232
189488
231280
189536
288176
189584
231408
189632
231456
288272
189680
231504
288320
189728
189776
189824
288384
189872
288432
189920
189968
231680
190016
190064
190112
288512
288592
288672
288752
231728
231776
190160
231824
231872
231936
232096
232256
288832
190208
232320
289024
190256
289088
190304
289152
190352
289264
190400
289376
289488
232384
289584
289664
289760
289856
289952
232592
291200
232800
291296
232880
292640
190448
232960
294032
190496
190544
294656
190592
294928
190640
295104
233168
295280
295744
233376
190688
295808
233584
190736
233792
190784
233872
190832
233968
190880
234064
190928
295856
190976
295904
191024
296224
234160
191072
191120
234256
234352
296448
234448
234544
296496
297472
191168
191216
298560
298640
234640
234736
191264
191312
298688
191360
298752
191456
234832
298848
299232
234928
299280
299488
299600
191632
299664
235024
299728
191840
235200
235376
235456
235536
235616
235680
299792
191936
192032
299856
236048
192128
192288
236112
192384
236448
236800
192544
236848
192640
237184
299904
237232
299952
237280
301472
192800
302160
192896
192992
302208
237344
302256
237408
302304
237472
302352
237760
302400
193088
302448
238048
302496
302544
193184
193280
302592
193376
302640
193472
238336
302736
238384
238432
238480
302832
302928
303024
193568
238528
303168
238816
239104
303264
239392
239680
303360
239968
303456
193664
303552
303632
193744
303680
193840
303744
193888
303856
240016
240064
193936
240368
193984
240672
194032
194080
303904
304016
240736
194128
304672
240800
194176
304736
305072
240864
308608
194224
308912
194288
308960
194448
240928
309008
241216
194528
194608
309056
241504
194704
309104
194768
241792
309280
309456
309648
309856
310064
310128
311728
241968
311792
194832
311840
194896
311920
242144
311984
194960
242224
312064
195024
242384
312128
242560
195088
312208
242848
312288
195152
195216
312880
243136
195280
313120
243200
195344
243264
313792
314240
314288
243568
314336
243632
130736
314384
138880
314432
138944
195408
139008
195472
139072
139136
243760
195536
243856
314480
139200
244000
314528
139264
314576
139328
314624
139392
244144
195600
244240
314672
195664
244304
314752
195728
244704
315136
195792
315184
244832
315232
196112
245056
315312
139456
196400
139552
139648
315824
196448
139728
196496
139808
139904
245120
315920
245184
316160
196544
316256
196592
317232
317568
140000
317776
196640
140096
196688
245248
196736
317936
196784
318048
196832
140192
318112
245344
245440
196880
196928
245536
196976
245616
140288
245696
318160
197024
318208
140384
197072
245792
140480
245872
140816
245952
141152
246032
141488
141568
197120
246112
197168
246192
318256
141648
197216
141744
197264
246272
141840
197312
246352
141936
246432
142064
142352
318320
142416
318368
246512
142464
318656
246592
142560
197360
142656
318720
197408
197456
142752
197504
142848
197552
143056
197600
143264
143312
143360
318768
143408
246672
318832
197648
246752
143456
318880
246832
197696
246912
197744
143504
318960
143552
197792
143600
318976
247296
247344
197840
247408
197888
143664
247632
197936
247712
143776
143888
144000
197984
248032
144112
327584
198032
248240
327632
144160
327760
144256
327856
144352
248384
327952
198080
144432
327984
248608
144512
198128
198176
248832
144592
198224
249056
328080
144672
249280
198272
144752
198320
328256
249552
145072
328272
145152
198368
145472
145552
198416
249824
198464
145872
198512
249904
145952
249984
146272
250064
146352
146560
198560
198608
146608
198656
146704
198704
146800
198752
146896
198800
250144
198848
147296
198896
148128
250224
198944
250304
250352
198992
250432
199040
250544
199088
250624
250704
148208
199136
148288
199184
199232
148368
250864
199280
148448
251008
199328
148528
251088
251216
199376
251344
149296
199424
150400
251472
151584
251696
199472
151632
199520
251936
151680
199584
151904
199632
252016
152000
152096
152304
199776
252096
152400
199856
152592
199936
252176
200016
152672
200064
152736
252256
252320
200112
252400
152800
152864
152928
152992
153024
153088
153216
200160
153312
153568
153616
154048
154544
155040
155584
156128
156432
156720
156784
200208
200256
200304
200352
200400
200592
252576
252752
252848
200640
252944
253040
200912
156848
253232
253408
201200
253584
157056
201472
253728
157264
157648
253776
158032
201792
255136
202096
158176
255504
255552
202400
255600
202864
203328
255648
203792
203904
158320
204416
255696
204784
255744
158464
205136
205216
205296
158608
255792
255840
205376
205456
255888
158704
255936
158800
255984
205536
158896
256032
205616
158992
205696
256080
256128
159296
205856
256176
205904
256224
159600
256272
256320
159904
256368
160208
205952
256416
160768
206016
256464
256512
256560
256608
256672
206064
206112
206176
206224
256736
161248
161808
161920
256800
162032
256864
206272
162144
206336
162256
206400
162368
162480
206480
162592
206560
162704
162816
256928
162928
256992
206640
206704
163040
257056
206768
163152
206848
257120
163264
206928
163376
257168
163488
257216
257264
163600
257312
206992
257360
163712
207056
257408
163824
164144
207136
257456
164464
207200
257504
328704
207280
164784
257552
207360
328752
207424
328901
257600
329008
207488
257648
165104
207568
257696
207616
165360
257744
329104
165616
257792
207680
165664
257840
329328
207776
329424
207856
165920
329456
207936
329488
166176
329664
257888
166432
329680
257936
329824
257984
329840
258032
208016
208096
329936
258080
166688
330000
166848
167232
167616
208160
330048
208208
258128
330112
258176
330144
330240
168000
208272
330304
208336
258256
168384
208384
258432
168448
208432
258576
330336
208496
258944
330432
208608
259616
330704
208720
331088
331136
208832
168512
168576
208944
331216
168640
168784
209008
209152
209296
209440
168912
209584
331344
331424
260288
260960
209664
209728
261632
209808
331488
209888
331552
169120
261680
331776
169184
261760
209968
331824
169216
261984
210032
169248
331872
262208
262432
262656
262752
262816
262896
262976
210096
331968
169280
210176
332112
169312
210256
332144
169344
210336
169376
332240
210416
263056
169408
263136
332272
169440
332448
169600
169920
332528
210496
170112
170224
170336
170448
332560
170560
170672
332624
170784
210576
332656
170960
210656
263248
171120
332720
210736
263328
171264
263408
171408
332944
263488
172032
332960
263568
210800
172656
210880
332992
263664
210944
263760
173104
173216
263808
210992
333024
263888
211056
173328
264016
333696
264096
211152
173440
264352
211248
333776
173552
173680
173808
264528
333808
173936
333840
211296
264720
174064
333872
174208
333888
333904
264912
333936
265104
211344
211392
174352
333968
211440
174496
334000
265296
174640
265488
334048
211488
174752
211536
174864
265680
334064
174976
211584
334112
265744
175232
211632
334160
265808
175488
334240
211680
265968
175744
334304
211984
266128
176000
334384
212272
176128
266288
334400
334480
176240
266448
212464
334560
212656
176352
334624
266528
212864
334704
213040
176512
266608
213200
334752
266688
176672
334800
176848
334848
213376
266768
214384
214944
215104
334880
177024
266848
215312
177200
335904
266928
215504
177376
335920
266976
215808
177536
267024
335968
215872
267072
336368
177696
267120
177856
336448
336464
336480
336656
336688
336704
215968
178016
267184
336864
216112
267248
178176
336896
216192
267296
178336
267520
178384
216336
267744
178464
216416
267968
216512
337296
178544
268192
337312
178624
216576
337584
268256
216672
178704
178784
337952
268320
178864
216736
178944
216832
338096
268592
179024
268656
179104
268720
179152
338256
216896
338272
216976
179200
338288
268800
179264
217136
338304
179312
217296
338320
179360
179408
268928
179456
269296
338336
269360
338368
269424
217392
179504
269472
338400
179552
269760
217456
179616
217504
338416
217584
269888
338464
270016
179680
338480
270288
338496
217744
270576
338512
217904
270848
218064
179728
338528
270960
338608
179776
218224
179968
271120
180016
338656
218272
271200
180064
181008
271280
181056
338672
271360
181104
218352
338688
181152
181296
271424
218816
219168
219360
181440
271488
181584
271904
219936
272048
220352
181728
220416
181760
220480
220560
220624
220800
272192
181808
272336
182080
272416
220960
182464
272496
221024
182864
221088
221152
221232
221328
221392
221504
272560
183280
272624
183328
273216
183376
221616
273376
183440
221696
273664
183504
221760
273952
221824
183568
274000
221904
183616
274048
221968
183760
274096
274144
222048
274176
183856
274208
222160
184080
274496
222272
274544
222368
184192
274592
222432
184496
222512
184640
222576
274928
184960
222656
275248
185120
222816
275536
185440
223088
276576
185616
223248
185936
223408
276640
186256
223552
223696
223840
223984
224128
224272
277280
277328
224320
224400
224448
224496
224544
224592
277392
277824
277904
277984
278064
224752
278144
224944
225136
225184
225232
278224
225280
225328
278304
225376
278384
225440
225504
368272
225632
368304
278464
225760
368336
278544
368368
225888
368400
226016
278624
226064
278704
278800
226112
279008
226160
279056
226208
226288
279120
226368
279168
226448
279264
226528
279440
226576
279552
279728
226800
280144
227024
280240
227248
280336
227472
280432
227520
280528
227568
280624
227616
280704
227664
280784
227712
280864
280944
281040
281136
281232
281328
281376
281440
281488
281552
281632
283792
283840
284000
284048
284112
