548368
548416
741392
548464
741424
346128
741456
548560
741488
548704
346144
548864
346384
548944
741520
346464
549008
741552
346544
549088
741584
549168
346624
346704
741616
549248
741648
346784
346864
549312
741680
346944
549376
741712
741744
549440
549536
347024
347104
549632
741776
347184
741808
549664
549824
347264
741840
741872
347344
549888
741904
549984
347424
741936
550080
550176
347504
550320
347584
741968
347776
742000
550416
347968
550512
742032
550608
348160
550672
742064
550736
348352
742096
550800
348544
550864
742128
550928
348736
742160
742192
742224
348928
550992
742256
551056
349120
742288
551120
742320
551184
349216
742352
349328
742384
551248
742416
349408
349488
742448
349568
742480
742512
551312
349808
742544
349952
551376
742576
350064
742608
551440
350288
742640
551504
350512
742672
742704
551568
350736
551632
350960
742736
742768
551776
551920
742800
351184
742832
552064
742864
351232
552208
351248
552352
351264
351280
742896
552496
351296
351312
742928
552576
351328
742960
552656
351344
742992
351360
743024
552736
743056
351408
552816
552896
743088
552976
351456
351504
743120
743152
553056
351552
743184
553136
351600
743216
553216
743248
351648
743280
351696
553296
743312
743344
351744
743376
351792
553376
351840
553456
743408
351888
553536
743440
351936
553616
743472
553696
743504
743536
351984
553760
352032
743568
743600
553840
553920
994688
352080
743632
554000
994736
352128
554080
743664
994885
352176
352224
994992
743696
995088
352272
554160
995312
554240
995408
554304
743728
995440
352304
743760
554368
995472
743792
352352
554432
743824
352400
554496
995504
743856
352448
352496
743888
554560
995536
743920
352544
554624
743952
995712
352592
995728
352640
554688
352688
743984
554752
995872
352736
995888
554816
352784
995984
744016
996048
554880
352800
744080
554944
744144
352816
555008
352832
555072
744208
996096
352976
555136
996160
744272
996192
744336
353120
996288
744400
555200
744464
996352
353264
555264
996384
353408
744528
996480
555328
353552
744592
555392
996752
555456
744656
744720
555520
353696
997136
353840
744784
555584
997184
555648
744816
997264
555712
353984
744848
744896
744944
997392
555776
354128
744992
997472
555840
745040
997536
745088
555904
354144
997936
745136
354160
745184
354304
555968
745232
997952
556032
354448
745280
998224
556096
556160
745328
556224
745376
998592
354592
556288
998656
354736
354880
556352
998880
745424
355024
556416
355168
355312
998928
355328
556512
355472
998976
745472
745520
745568
999072
556608
355616
556704
556768
745616
556832
999216
745664
999248
556896
355760
999344
556976
557184
999376
355904
745712
999552
356048
557472
745760
745808
999728
356192
557664
745856
999792
1000064
557744
356336
745904
356480
745952
557824
557904
356624
1000179
746000
356640
1000224
357040
1000272
746048
357456
557984
357856
1000384
1000608
746096
358256
558064
358656
558144
746144
1000688
558224
746192
358752
1000912
558304
358848
746240
1001056
558384
358944
1002056
558464
746288
1002208
558544
359040
746336
1002416
558624
1002448
359152
746384
1002512
359264
1002560
359392
558704
1002608
359504
746432
558784
1002656
359616
746480
558864
1002880
359728
558944
746528
1002896
359840
746576
1002928
559024
746624
359952
746672
360064
1002960
559104
360176
1003632
746720
360288
559184
1003712
360400
559264
360512
746768
360640
1003744
559344
1003776
746816
559424
1003808
360752
746864
1003824
360864
559504
1004848
360976
746912
559584
1004864
746960
559664
1004896
559744
361088
1004928
559824
361200
1004960
747008
559904
747056
1005008
1005024
747104
1005072
747152
361312
559984
747200
361424
560048
1005120
747248
560112
747296
1005200
361536
560176
1005264
560240
747344
560304
361664
560368
560432
361776
1005344
361888
560496
747392
1005360
362000
747440
1005440
362112
560560
747488
747536
747584
1005520
362224
1005584
362336
1005664
560624
747632
1005712
560688
1005760
362448
560752
362560
747680
1005808
747728
560816
747776
560880
362672
1005840
560944
747824
1005856
362784
747872
1005904
561008
362896
1006304
561072
1006384
363008
1006400
561136
363120
363232
1006416
747920
1006592
561200
747968
1006624
748016
1006640
561264
363344
1006800
561328
1006832
363456
748064
1006912
1007008
561392
748112
1007296
363568
561488
561584
748160
561680
363680
1007408
561776
748208
363792
561872
1007632
748256
363904
561968
1007776
748304
364016
748352
562064
1007808
562160
364128
748400
364240
562256
748448
562352
1008448
364352
748496
364480
1008608
364592
748544
364704
1008832
748592
562448
364864
748640
365056
1008880
365248
748688
562544
1008896
365440
562640
748736
1008912
365632
1008960
749200
562736
365824
1009008
366016
562832
1009056
749232
1009104
749280
1009248
366176
749328
366336
1009408
562928
366496
749376
366656
563024
1009424
563120
366816
749424
1009440
563216
366976
563312
1009456
749472
367136
749520
563408
1009472
367328
749584
367520
749616
367712
563504
749808
1009488
563600
749840
563696
750192
563792
367904
1009520
563888
750304
1009552
750384
563984
1009568
368064
564080
750480
368224
1009616
750896
368384
750960
564176
368544
1009632
564272
368704
564368
368864
1009648
564464
751024
369024
751088
1009664
369184
1009744
564560
369344
564656
751152
369664
1009792
751216
369824
1009808
751280
751344
369984
564752
1009824
564848
1009952
751408
751472
370144
1010368
751536
370304
751600
1011120
751664
564944
751728
751792
1011392
751856
370464
1012512
370624
751888
370784
565040
752304
565136
752720
565168
752832
370944
752976
371104
565200
753104
565232
371264
753520
565264
371424
753584
754272
371584
565296
371744
565328
754960
755648
565360
371904
756336
372064
757024
565392
757712
372224
758704
759168
565424
759328
372384
759824
565456
759856
372544
372704
759888
565488
759904
372864
759920
759936
565520
373024
760000
565552
760064
565584
373184
760192
373344
565616
760272
373504
565648
565680
373664
760464
565712
373824
565744
760656
565776
373984
760848
374624
761040
565808
761232
375296
761424
375936
761648
565840
376592
761760
565872
565904
377248
565936
761872
377888
762048
565968
378544
762112
566000
379184
762144
762208
566032
379824
566064
762240
566096
762272
380464
381104
764992
381744
566128
382384
765040
765168
566160
383024
765216
566192
383680
384336
566224
765264
566256
566288
566320
384992
765312
566352
385664
765360
566384
765408
386304
386944
566544
765520
765632
387600
566944
765744
388240
765808
388896
567264
766016
567584
389536
567792
766144
766176
390176
766208
390816
568000
766304
766352
568208
766528
391472
766640
391584
568384
568544
766816
391696
568736
767120
391808
767184
391920
767248
392032
568896
569984
392144
767312
570688
392272
767376
392400
570864
571056
392528
767440
767504
392656
571264
392784
571600
767568
571776
392912
571856
767632
393008
571936
393520
571984
767696
393584
767760
393680
767824
393872
572032
767888
394064
394256
767952
572112
768016
572192
768080
395296
572272
768144
572320
768208
395648
396000
768272
768336
572400
396352
572464
768400
396704
768464
397056
768528
572544
768592
572624
397408
397488
768656
572704
572784
768720
397696
397776
572864
397888
768784
573024
398048
573104
768848
768912
573184
768976
573232
398208
573312
398368
573360
769040
769104
398528
769360
573440
398688
573488
769616
769872
573568
398848
770128
573616
398992
770384
399136
770640
573696
573744
399280
399424
399568
573824
770896
399712
771152
399744
573904
771408
573952
771664
399776
399856
771920
772176
574032
399952
574112
772432
400048
772688
574160
574240
772944
400144
574320
400224
574368
773200
574448
400304
400384
773456
400480
773712
400560
400640
574496
773968
574576
400720
574656
774224
574736
774480
400800
66576
66768
774736
400880
574816
574864
66960
400960
774992
401056
574944
775248
67152
575024
775504
401136
67344
401216
775760
575104
67376
776016
575184
776272
776528
401296
67440
776784
401392
67680
777040
67920
401488
575264
68160
68400
575328
401568
68640
575408
777184
777328
68880
575456
401584
69120
777472
401600
575536
401616
777616
69360
401632
777760
575616
69600
575696
777904
575776
778048
69840
401648
70080
778192
401664
575824
401680
575904
401696
575984
70320
778336
1013424
576032
778480
70560
1013440
401712
576112
70800
401744
71040
576160
778624
71280
778768
401760
1013456
778912
71520
1013472
401792
779056
71760
1013488
15941
72000
576240
1013504
72240
576288
779200
576368
72480
779344
401824
72720
779488
401856
576416
1013520
779632
72960
73200
576496
401888
779776
779920
576544
93008
576624
780064
93072
401920
780208
401952
780352
576672
401984
93104
402000
780496
576752
93136
576800
402016
780640
576880
93200
780784
402032
576928
93296
402048
93392
577008
402064
780928
93456
402080
781072
93504
402096
781216
402112
93744
577056
93776
402128
781360
93808
577136
402144
577184
402160
781616
781648
93904
402176
577264
402192
94144
402208
782112
782480
577312
94208
402224
577376
782848
577424
94336
782928
94384
577600
783008
402240
94448
577696
402256
783088
94528
402272
783168
402288
577856
94624
783248
578016
402304
94688
783328
578176
783376
94720
402320
578352
402336
783424
402352
783472
94880
783520
402368
578512
94928
783568
578864
94992
402384
579024
783616
402400
95008
579184
783664
402416
579536
95056
579712
95120
783712
402432
783760
95312
579872
402448
580032
783808
95504
402464
95696
580192
402480
95744
580352
95792
402496
95856
783856
580528
95904
783904
402512
580688
402528
783952
96272
96304
402544
580864
784000
784048
402560
581024
402576
581184
784096
402608
96352
581536
402640
784144
581712
96400
784192
784240
96416
581872
402672
582032
784288
402704
96464
402736
784336
96512
96544
784384
402768
582192
402800
582352
402832
582512
784432
96576
582672
784480
402880
403104
403120
96592
583024
784528
403136
403152
96608
784576
583200
96624
583360
784624
583520
784672
96656
403376
784720
403616
97184
583680
784768
404016
583840
784816
97248
97408
584000
97472
784848
404416
584160
584512
97488
784928
404736
97776
584688
785056
584848
98176
405088
585200
98432
405136
785120
585376
405168
98624
405200
785328
405232
585536
98816
785536
785744
405264
99008
585888
405296
785952
405344
786160
99200
405456
586064
786368
99264
786432
586224
786496
99328
786560
786624
586576
407024
408592
586752
99536
409776
786688
99600
586912
786880
410288
99664
410864
786944
587072
411168
786976
99856
587232
787008
99936
787040
100240
587296
787136
787232
100304
587472
787328
411344
100368
587520
787424
411360
100416
787520
100576
587600
787616
411376
787712
411392
587680
787808
100640
100688
411456
587888
787904
788000
588016
788096
411520
100736
788288
100784
588144
411824
788912
100832
788976
100880
789040
412576
100928
588192
789216
100960
789312
588352
412720
412864
101248
789456
588512
101280
588704
101552
789600
413008
588896
789760
413152
101600
589024
789904
101648
790048
589232
101696
413296
101872
589312
413440
790192
413584
102064
589376
102112
102176
790336
413920
102224
589408
414288
790480
414496
589472
102272
790624
589504
791008
415008
589584
102320
415088
102368
589696
791088
415168
102528
589808
791168
589984
102608
791200
102640
102704
791280
416096
102880
791408
416272
590048
416448
102976
590112
791520
103024
791904
590160
792192
590240
416592
103072
590832
792496
416672
103184
416752
416848
792800
591184
416928
793104
103360
591392
417008
793408
103472
591456
417088
793712
103568
417168
794016
103648
794320
417248
591536
794624
417328
794928
591648
795232
103680
417408
591856
795536
591968
417488
103744
795840
417568
103792
417648
592144
103920
592208
592272
103984
592320
104080
417728
417808
796144
592416
592832
417888
104208
592912
796448
104288
593072
417968
104352
418048
796752
418128
797056
104512
593136
593168
104544
797360
418208
797664
418288
797968
418368
104576
593200
418448
593264
104624
798272
418528
593296
798576
798880
104672
418608
799184
593328
104720
799488
418688
593360
418768
799792
104928
593392
418848
593424
800096
105168
418928
800400
105200
593456
800704
593488
419008
801008
105280
105408
801312
419088
105632
801600
593520
105664
593552
105696
419168
801888
593584
105712
593616
419248
802016
105728
593648
419328
105808
419408
802096
105888
419488
419568
419648
802600
593712
802976
105920
593776
593920
105952
803376
419728
594128
106160
803456
594176
419808
803536
803616
594256
106256
419888
803696
594336
106288
594432
803744
419968
106512
803792
420048
803840
106560
420128
594688
420208
594848
594928
803872
420288
106688
595008
803904
595152
803936
420368
106752
803968
106880
595376
595552
420448
595584
804000
420528
420608
804032
595616
595664
106960
804064
420688
804096
804128
107008
595696
420768
107104
595888
107248
596048
107472
420848
107920
596288
804160
596352
107968
596416
420928
804192
596480
421008
108048
596544
421088
804224
108192
421168
596576
804256
804288
421248
108224
596736
421328
108400
596784
421408
804320
804352
596832
108496
421488
596944
804384
108864
421568
421648
597056
804416
597168
597344
421760
109040
804448
804480
597488
421856
804512
109200
597648
421952
804544
804576
109664
422048
804640
597696
109728
422144
804704
597920
422176
804768
804800
597968
109792
109856
110064
422208
110112
598048
110368
598112
598208
423312
598272
598336
110560
804832
424480
110704
804864
598496
424512
111040
598592
804896
424528
804928
598768
111184
424544
804960
424560
598880
804992
111280
805024
598960
111424
599104
805056
599184
805088
599248
424576
805120
424592
805152
805184
599344
599440
424608
599632
111584
424624
805216
805248
599904
111728
600176
424656
805280
600304
111888
424688
112032
600528
805312
112192
424720
600592
805344
600720
424752
112288
805376
600784
805456
112464
424784
805520
600832
112704
424816
805584
600864
112848
805648
424848
600944
425024
112992
425200
805712
113136
601024
425376
113280
425728
113344
426096
601088
805776
113536
426208
601264
805840
601392
113760
805904
805968
601600
806032
601680
426320
114304
114352
806736
601760
426640
807232
114400
426976
601792
114448
427008
807728
601856
427040
114496
808224
427072
601888
808544
114832
601920
808720
114944
601952
115136
427264
427472
602000
115184
809040
428000
115200
602048
809360
428368
602128
115328
809680
428832
810000
429312
115360
429760
116032
602176
810320
430224
116064
810640
430688
116384
602272
430704
602352
602432
811024
117104
430720
811072
117360
811104
602512
117392
430736
811136
117568
117616
430752
811168
117760
811200
430768
602608
430784
602688
431120
117872
431408
602768
811232
117920
602864
431776
811264
118160
603040
432144
811296
603088
118208
432512
118256
603232
432880
433248
811328
433728
118336
603344
811360
603504
118448
434208
811392
434688
118496
435168
118592
811424
603664
118624
435648
603744
435696
435744
435792
118656
435840
811456
118768
603824
435888
811488
811520
435936
811552
811584
811616
118992
603904
435984
119056
603984
436032
811648
119696
436080
604064
811680
604144
436128
811712
604224
436176
119728
604304
436224
811744
119792
811776
604384
119872
811808
604480
436272
811840
604672
811872
436320
811904
436368
119984
604736
436416
811936
120144
604800
811968
436464
812000
436512
812032
120176
436560
812064
120672
604864
812096
436608
812128
604960
812144
605264
436656
120704
812160
436704
605568
120736
812208
436752
436800
812560
605872
120768
606000
436848
813040
606080
120800
606160
120832
436896
813680
436944
120896
813744
606240
120928
436992
120960
606416
120992
813808
437040
606752
813872
437088
437136
121024
606816
813936
606880
814000
121056
814064
437184
606944
814128
121088
814192
606992
121136
607040
437232
814256
607088
121184
437280
814320
121280
437328
814384
121312
437376
607136
121360
814448
607184
437424
607232
437472
607280
607456
607504
437520
121408
814512
121440
814576
814640
437568
814704
121472
607552
814768
814832
607600
121504
437616
814896
121536
607664
437712
814960
607712
437808
815024
121568
438224
438640
815088
607760
121600
438688
815152
607840
121632
607920
121664
608000
815216
438736
608112
815280
121696
438784
815344
608224
121808
438832
608336
121936
815408
438880
608448
122160
438896
815472
608560
438912
122272
815536
815600
122352
608656
438928
122384
815664
608752
438944
122416
815728
608848
815792
438960
122480
608912
815856
438976
608960
438992
609088
122544
815920
609216
122768
815984
439008
123056
816048
609344
816112
123312
816176
123600
439152
439248
609472
123664
816256
439472
123712
816480
609600
439584
123760
816560
123824
609728
439952
816784
440112
440496
816976
609856
123872
816992
440656
817040
609984
441056
123888
817072
610112
817104
441232
123952
441648
817184
123984
610240
817376
124032
610288
441824
817600
124544
610368
610416
124592
817824
610464
442064
610544
818048
442240
124688
818272
442416
124720
610624
442512
818496
124896
610864
818720
442528
610928
818944
442544
124960
610976
611024
819040
125040
611088
125104
819136
611152
442560
442576
442592
819168
819200
442608
611216
125136
442624
611280
125216
442640
819296
611344
125248
442656
819392
611408
125280
442672
611472
125296
819488
611536
125328
611600
442688
125360
819584
442704
125696
611664
125760
611728
125952
819680
442720
611792
126000
611856
442736
126016
611920
442752
819776
611984
442768
126032
612048
819872
126080
442784
612112
819968
442800
612176
820064
442816
612240
126128
442832
820160
820256
442848
612304
820352
126160
820448
612352
126240
442864
820528
612400
126400
820592
442880
612448
126416
442896
820688
612496
126448
820704
126496
820720
612544
442912
126544
820768
442928
612592
126624
612720
442944
612784
821280
126640
612848
442960
126864
821328
442976
612912
612976
442992
821376
821424
443008
821472
127088
443024
821520
613040
127168
443040
613104
443056
821568
613168
443072
613232
127856
443088
821616
613296
443104
443120
821664
613360
127904
821712
127952
128032
443232
613424
128048
128384
128432
128896
821760
613488
129312
613552
129472
443616
613616
821808
129536
613680
444000
129680
444336
821856
444656
821904
613888
444976
614096
129760
445296
821952
129808
445616
129904
822000
130240
446000
614304
822048
130432
446320
130944
446640
614512
614720
822096
131008
822144
446960
614928
131152
131360
822192
614976
132976
447280
822240
133568
822288
134720
447600
615024
447936
615072
448320
134768
615120
448640
822336
134816
615168
822384
448960
135664
615216
449280
822432
615264
135696
449600
615312
822480
135728
449936
615536
615760
450336
822528
135776
615984
822576
822624
450736
135888
616208
451072
135968
616432
136016
616656
451408
822672
136144
136256
451744
822720
136384
452080
616704
136528
822784
452416
616752
452752
136768
453088
822912
453424
136992
616800
823040
616848
137104
823072
137328
453824
823184
616896
454224
137424
616944
137488
454560
823296
137536
454896
616992
137600
823456
455232
617040
137632
823616
617088
455568
823776
617136
137680
455904
617184
137872
823936
456240
617264
824096
456576
137952
824288
617344
456912
138000
824432
138016
617424
824480
457312
138160
617504
457648
138240
138272
617584
824576
617664
457984
824688
617744
138352
617824
138432
138528
458320
825648
825696
617904
138560
825744
458656
617984
825840
139872
825872
140560
458992
826144
141984
618064
459328
826416
826688
142080
618144
826960
459664
618224
827008
618304
143232
460000
143392
618384
143440
618464
827056
460400
143488
827120
827184
618544
460672
827248
827296
460944
143536
618624
461216
827344
618704
143712
618784
143744
461488
144240
827392
618864
461552
144432
144928
827440
618944
461744
145312
619024
145328
619104
827488
461904
147552
619184
827536
148048
619264
827584
462064
148848
619344
827792
828000
619424
462224
149216
462384
149584
828208
619504
462432
828416
462592
149632
619584
462752
828624
149664
619664
462912
828832
149760
463072
619712
829040
619760
829248
829456
463232
150016
619808
619856
150064
463248
829664
150112
620080
463264
829872
150144
463280
830080
620128
150192
463296
830288
620176
150224
830496
620224
830704
463312
150256
620272
463328
830912
620320
150288
620368
463344
831120
620416
463360
463376
620464
150416
831328
620512
463392
620560
150560
831536
150592
620608
831744
463408
831952
150656
463424
150704
832160
832368
620656
150768
620704
463440
463456
150832
463472
150864
832576
463488
832784
620752
832992
620800
463504
151152
620848
833200
151216
620896
463520
620944
833408
151280
620992
463536
833616
621040
151296
463552
833824
151312
463568
834032
151376
621088
834240
151992
621264
834448
152096
463584
152128
621408
463600
834656
463616
621552
152192
463632
834864
621696
463648
152224
621792
463664
622000
835072
463680
622208
463696
152416
622304
152432
835280
622448
835488
152864
152992
622560
463712
153312
835696
463728
835888
622608
153568
463744
622656
153632
463760
835984
153648
622704
153712
463776
836416
622768
154224
463792
154256
463808
836480
622832
836560
154304
622896
836640
463824
154320
836720
463840
154384
622944
463856
622992
836800
154416
463872
623040
154448
623088
836880
623136
836960
463888
623200
463904
463920
154512
463936
837040
623264
154656
154704
623312
463952
154800
154880
837120
623360
463968
154944
837200
155008
463984
623408
623456
837280
155648
464000
623504
155968
837360
156128
623552
464016
837440
156384
464032
623600
837520
464048
623648
837600
464064
464080
157248
837680
623696
464096
157312
464112
837744
157344
464128
623744
157552
464144
837808
623792
157888
623840
837904
464160
157936
838000
464176
623888
464192
158176
464208
838096
158400
623936
158640
464224
158928
838208
838320
464240
159264
838352
623984
464256
159408
464272
838384
159472
624032
464288
624080
838480
464304
159536
838576
464320
624128
464336
624176
838672
159568
159840
464352
624224
838768
624272
464368
160112
160144
838864
464384
624320
838960
464400
160176
839056
464416
624368
161216
464480
161248
839152
839248
624416
464528
161312
465520
161392
466512
624464
839344
466528
162560
466544
624512
839440
162672
466560
624560
162784
466576
624608
839552
162944
466592
624656
839632
624704
466608
839744
624752
163376
839920
466624
840096
624800
163600
624848
466640
163712
840272
624928
466656
466672
625008
163920
840288
466688
625088
840304
466704
163952
625168
171280
840368
466720
171584
840416
466736
171616
466752
840496
625248
466768
840576
625328
466784
171696
466800
171728
841136
466816
172512
841696
172544
466832
625408
173120
173152
625488
466848
173296
842192
625568
173328
842752
466864
173744
843712
625648
466880
173776
843808
174192
466896
625728
843904
174224
625808
844000
174640
844096
466912
626016
626224
466928
174672
626432
844144
174704
466944
626640
844256
466960
174736
466976
466992
844368
626848
467008
844480
174768
467024
627056
174800
467040
844576
627264
174864
627472
844656
467056
174896
844752
467072
174928
627680
844848
174960
467088
627888
174976
467104
175008
844944
175056
467120
175072
628096
845024
467136
175168
628304
175200
845120
467152
628512
175248
845200
628720
175376
467168
628928
629136
176048
845296
467184
629344
629552
176096
629760
467200
845360
176128
176176
845424
629968
467216
176496
845472
467232
630176
467248
176560
630384
845520
467264
845728
176592
845936
176640
846144
176768
630592
467280
846352
630800
467296
631008
177216
846384
631216
467312
631424
846416
631632
467328
177472
846448
177536
631840
632048
177584
846480
467344
846512
632256
467360
632304
632352
177648
846544
177760
467376
632416
632480
846576
467392
846608
467408
846640
632544
177808
467424
467440
846672
467456
846704
632608
467472
177920
846736
632656
846768
846800
178032
846832
632704
846864
178144
467488
632752
846896
632800
178256
846928
467504
632816
846960
467520
178368
846992
467536
847024
178480
847072
632864
467552
178592
632912
178720
467568
847168
847264
178832
632960
467584
847360
178944
847456
179056
467600
633008
848176
633104
179168
633232
179280
848720
467616
633280
848768
179296
848816
180672
848864
633328
467632
633376
181072
467648
633456
181136
848912
467664
633504
848960
181472
848992
182944
633552
467680
633600
183680
467696
633664
467712
184080
467728
633680
849024
849056
467744
633728
849184
467760
184128
633792
467776
849312
184176
467792
184224
633856
849440
467808
184272
467824
633904
849568
467840
633968
849696
634016
184304
849760
184352
467856
184576
849808
467872
634080
185008
467888
849856
185408
849904
467904
185440
634128
467920
849952
185616
634224
467936
850000
467952
634240
185664
850048
634320
850096
467968
185696
467984
634384
850144
468000
634544
185952
634608
850192
468016
186016
850256
468032
634656
850352
634704
850416
186336
850448
468048
850560
468064
634752
186384
850592
468080
634800
186416
186448
850672
186480
634848
850768
468096
186528
851184
634864
851424
186576
634912
851456
468112
186720
634976
851888
187280
468128
852160
188224
852432
635104
468144
852448
468160
635168
468176
188352
468192
635216
852464
635264
852512
188368
635312
852528
188576
468208
188608
468224
852544
635392
635472
468240
852976
188640
635552
468256
853040
635616
188672
468272
468288
188704
635680
188736
635728
853104
468304
853376
188768
188800
635776
468320
853424
635840
468336
468352
635952
468368
636000
853472
636048
188848
468400
188896
853680
636160
468432
636208
468464
853744
853808
468496
636256
188944
468528
853840
188992
189104
636352
468944
853888
636400
469424
636480
189168
853952
469552
854960
636560
469680
855040
636608
636656
855104
189328
190192
855120
855136
190320
469808
636704
469936
636752
855152
190448
470064
636800
855168
190752
636848
855184
636864
855200
470224
636880
191344
855216
636928
191392
470304
637008
191472
470384
855232
855248
637056
470480
855264
470576
470672
191616
637088
470768
855280
191648
637136
855296
470864
191680
637184
470960
191712
637232
855312
191808
471056
855328
637280
192304
855344
471152
855360
471264
637440
855376
192368
855392
471360
637488
855408
637504
192528
855424
471456
855440
471552
192688
193040
855456
637600
193472
471648
855472
637648
471744
637856
193744
194976
195328
638064
855488
471840
638112
195360
471936
855504
638160
855520
195696
638208
472032
638256
855536
472128
195728
855552
472224
638336
638400
195760
638448
855568
472320
195824
195968
855584
638608
472416
196000
855600
638656
196032
472512
196080
855616
638704
196144
472608
638752
855632
196192
472704
472800
196208
472896
638944
855648
855664
196224
472992
196416
855680
638960
473104
196464
639040
855696
855712
639104
196496
639168
855728
639232
639296
473200
639376
473296
196544
639456
196672
855744
473376
196768
639536
855760
855776
473472
639648
855888
473568
196976
639760
856000
473648
639872
197200
639984
856112
640096
197264
640240
197296
856224
473744
856336
473840
856448
197536
640384
856688
197632
640544
473936
856928
197888
474032
857040
640624
640704
198144
857152
474128
640768
198208
474224
474320
198512
640832
857264
198832
640896
857376
198960
474416
640976
474512
474608
857488
641040
198976
474704
474800
857600
641136
198992
857712
641200
199008
641264
474896
199264
857824
200960
474992
857936
201056
475088
641424
858048
202672
641504
858160
475184
641680
475280
202800
858272
202960
19976
641856
858384
475376
641920
203008
858496
475472
203168
642032
475568
642144
858608
203344
642256
858720
475664
642368
203552
858832
475744
203696
475856
858944
642480
204288
859056
204336
642592
475952
642704
205296
476048
859168
642816
476144
205424
859280
642928
476240
859392
643040
205584
859504
643152
476336
205808
859616
476432
643264
206064
476528
859728
643440
206352
859840
643616
476624
643792
859952
206496
476720
643968
860064
476816
206560
476912
860176
644144
206640
206704
860288
206736
477008
644320
860400
206800
860512
206848
644496
477104
644672
860528
207088
477200
644848
860576
207312
645024
860624
477296
860736
477392
207536
207568
477488
861024
861040
645200
645376
477584
861056
477712
207744
645440
207760
477808
861072
645568
207888
477856
861088
207936
861376
645696
207952
477904
646192
861488
861856
208048
478160
646304
208288
478832
208368
861936
646416
646480
208400
479504
862224
646560
646704
480128
208432
862384
208480
480752
862672
208544
646784
480768
208688
480784
862704
646912
208832
647040
863536
480816
647072
208944
647120
647232
864336
480848
208992
865616
865824
209200
480880
209216
480928
647376
209248
647504
480960
868320
209280
870256
647600
480992
870560
481024
871104
209344
481056
871472
209408
647792
481088
209424
647856
871504
481120
481152
871536
209440
647936
209600
481184
209632
481216
210320
648000
210384
648416
871568
481248
648880
871600
210432
648928
210448
481280
649040
871632
649296
210480
872000
481312
481344
872368
481376
649552
872736
210512
210672
481408
649808
873104
210960
649936
873472
481440
650048
481472
873680
650160
650272
873744
481504
211024
873808
211184
650384
481536
481568
873872
481600
211232
481648
211264
650496
481680
873936
650608
874000
211296
211344
481728
874064
650704
481760
481792
874128
481824
211376
874192
650784
211424
481840
211488
481856
211520
650880
211568
874256
211600
874320
650976
211632
874384
481888
211664
651040
481920
211728
874448
651104
481952
211776
874512
481984
651168
874576
482016
651232
482048
651328
482064
211824
482096
211856
651424
874640
482128
651520
211888
651616
482224
211936
874704
211968
482496
874768
874832
212016
651712
482752
212080
651808
212112
482992
651904
874896
212160
483232
651984
212208
483312
652176
874960
212240
212272
483392
875024
212320
483472
875088
483552
212352
652368
875152
652592
483632
875216
652816
483712
875280
212400
653040
875344
483792
653280
875408
483872
875504
653520
212464
483952
484032
212496
653760
212544
875600
484112
875680
653984
484192
212592
654208
484272
875760
484352
875840
212624
654432
212656
875920
484432
484512
484592
212704
876000
654672
212736
876080
654912
484672
876160
212784
484752
655152
212848
484832
655472
655536
876240
212880
484912
655600
212928
876320
876400
655664
876560
212976
484992
876656
876752
485072
213008
655728
876848
485152
213040
877056
655776
213088
485232
877152
655888
485312
655936
877248
213120
485392
213168
485408
656032
877312
485488
656128
213232
877376
485568
656224
213264
485680
877440
485920
486256
213312
877472
656320
486336
877552
213360
486656
213392
656416
877632
213424
656464
877712
213472
656592
213504
486928
656656
213552
877792
656688
877904
487536
487808
213616
878016
488352
656720
213648
488400
878128
878240
488448
213696
656752
488496
878368
656784
488544
878432
488592
878512
213744
488640
488688
656816
213776
488736
656880
213808
488784
878592
213856
656944
488832
213888
878672
488880
657008
878752
213936
488928
214000
657072
214032
214080
879264
657424
488976
879376
657776
879472
214128
879552
658144
489024
879632
658176
214160
489072
214192
489120
214240
658208
879808
489168
879872
658240
489216
214272
658272
879936
658304
880000
489264
880064
489312
214320
658336
489360
658464
214384
881024
658496
214416
489408
489456
214464
881088
658528
489504
881152
658560
881216
214512
658912
489552
489600
214544
659264
214576
659616
881280
214624
489648
489696
214656
881696
489744
659968
214704
882464
489792
882784
660016
883328
214768
489840
660048
883344
883360
214800
489888
660080
883376
214848
883392
660112
489936
660144
214896
214928
883408
660192
490160
214960
883424
490288
660560
883440
490592
215008
660912
883456
490976
661264
215040
883472
661616
491376
883488
215088
491760
883504
215152
215184
661968
491776
883520
215232
662016
491792
662064
215280
884256
662112
491808
215328
662160
491824
884320
662336
215360
491840
884432
662368
215392
491856
884560
491872
884592
491888
662400
215424
662576
884624
491904
663104
215488
884736
663984
884848
491920
491936
215536
885216
664160
215568
885424
491952
664336
885472
664512
885520
215600
664688
215664
885552
664864
491968
215712
664912
491984
215744
664960
215776
492000
665008
885584
215840
492016
885632
665360
215888
665712
885680
492032
492048
215920
666064
215952
885728
492064
666112
885776
216016
492080
216064
885824
666160
216096
885872
216128
666208
216192
216240
666432
216272
885920
492096
666784
216304
492112
885968
216368
492128
886016
492144
666992
492160
216416
667216
886064
492176
667264
216448
492192
667312
216480
492208
886112
216544
886160
492224
216592
886208
492240
886256
216624
492256
667664
216656
886288
492272
667712
492288
667808
216720
886320
667888
492304
668064
492320
668240
492336
216768
492352
886336
668416
886352
492368
216800
216832
668592
492384
886368
492400
886384
668880
886400
492416
216896
886464
669168
278368
492432
278448
669184
886512
492448
278480
492464
669200
886576
492480
669216
886672
278544
492496
886768
669360
492512
887104
278608
278672
887200
492528
669456
278736
669552
278800
492544
887296
278864
669696
492560
278928
887712
278992
669840
279056
887840
669968
279120
888112
670048
279184
492576
279248
888176
670128
279312
492592
279376
670240
279440
888240
279504
888304
492608
670384
279568
492624
888368
492640
888432
279632
670528
492656
670592
279696
492672
279760
492688
279824
888496
492704
670656
279888
492720
670784
888560
492736
670848
279952
670976
492752
888624
280016
671104
492768
888688
280080
492784
671376
280144
888752
492800
671504
888816
671632
280208
280272
888928
280336
492816
889040
671760
671888
492832
889232
672016
280400
492848
889728
672160
492864
889792
672288
280464
889856
672416
889920
672528
492880
492896
280528
280592
889984
280656
672656
492912
890000
280720
672784
492928
672912
280784
890064
492944
672976
890128
492960
280848
673040
890192
492976
673104
673264
492992
280912
673280
493008
281008
673296
890256
673312
493024
281104
890528
673328
281200
493040
890592
674048
493056
674112
281296
281488
493072
674192
890656
890720
281584
493088
890784
281680
674272
493104
674352
890800
674416
493120
281776
890864
674480
493136
890928
493152
281872
890992
493168
674544
891056
493184
281968
891360
493200
891440
282048
891520
674608
493216
282128
891600
282208
891680
493232
891696
282288
493248
282384
493264
282464
493280
674672
282544
891760
282624
674736
891824
493296
282720
891888
282800
493312
891952
892000
674800
282880
674864
892016
282960
892032
283040
283120
674928
493328
674976
493344
892112
493360
283312
675024
892240
892512
493376
675072
283504
892592
892624
675152
675232
892656
283584
493392
892688
675312
892720
283776
283968
675456
284160
675536
893792
284336
493408
284528
675616
675696
493424
894144
894592
284720
493440
493456
284912
675776
894640
675856
285104
675936
493472
895232
676016
285200
895968
676096
493488
285296
676176
896064
285392
493504
676256
285488
896144
493520
676352
896224
676432
896400
285584
493536
896464
676512
493552
676592
896528
676688
285680
896640
285904
896672
676768
493568
898544
676848
286144
493584
899184
286336
676928
493600
286528
493616
677008
899648
286720
493632
286912
899664
493648
287104
899808
677088
287296
677168
493664
287488
677248
677344
287680
899856
493680
899904
677440
900656
677536
493696
901424
287872
677632
493712
902208
288064
493728
903008
903808
677712
493744
288256
493760
904688
677792
288448
493776
288640
677872
909232
288832
493792
288912
677952
909312
288992
493808
909392
678032
493824
289072
909520
678112
493840
909600
289152
678192
909680
493856
678272
289232
493872
493888
910416
678368
911152
289312
493904
911872
289600
912592
678448
678528
913328
914064
493920
678608
678704
914800
493936
289904
290016
914848
493952
678784
914864
493968
290304
914880
493984
914896
290592
678880
494000
915088
678960
494016
290624
915296
290880
290976
915344
494032
679040
494048
679120
291056
915424
494064
915456
915488
291088
291392
494080
679200
494096
494112
915568
915696
494128
291712
915776
494144
291808
679280
915824
291904
679360
494160
916048
292000
679440
679520
292096
916080
494176
679600
292192
916128
916208
494192
916368
494208
292224
679680
916432
916496
292544
494224
292592
679760
494240
916512
292912
679856
916544
494256
679952
494272
916576
292992
680048
680128
293072
494288
916640
293152
494304
916720
494320
916800
293232
680208
916880
680304
293312
916912
494336
680432
293392
494352
917040
494368
293472
680512
917168
293552
680592
494384
293632
917264
293712
680672
293792
917360
494400
494416
917392
680752
293872
494432
917424
494448
680832
293952
917456
294032
494464
917504
294112
680912
494480
494496
680992
917568
494512
681072
294144
294176
917632
494528
917664
494544
294208
681152
294240
917760
494560
294272
494576
681232
917824
681312
294304
917888
494592
681392
294544
918000
294672
494608
918112
681472
294752
494624
294832
294912
918400
494640
681552
918688
494656
294992
918704
681632
295088
494672
918784
494688
681712
295168
681808
494704
918864
295264
918944
681888
295392
494720
681968
919024
494736
682048
682128
494752
919120
295472
682208
494768
919216
682288
295552
682384
295632
919296
494784
682480
295712
919376
295840
494800
682576
494816
919408
494832
682656
919616
494848
682736
919696
295920
682816
919776
494864
296000
682896
494880
682976
296080
296176
494896
919920
683056
296304
683136
920064
494912
683216
296384
494928
920400
683296
296464
920736
494944
683376
920752
920832
494960
920912
683456
296544
920992
296624
683536
494976
921072
921168
494992
683616
296720
921264
683696
495008
921344
296800
921888
923408
683776
495024
923440
683856
923520
495040
296928
683936
495056
297008
495072
297088
495088
684016
923760
297200
924000
684096
495104
297488
924064
684176
495120
297776
924128
684256
297808
684336
924176
297888
495136
924224
924304
495152
684416
495168
924384
495184
297920
924576
684496
495200
297952
495776
924768
684576
298080
924800
496352
924832
496480
924928
496608
684656
924992
496736
925056
684736
497616
925136
925216
497712
684816
925440
497936
298112
925760
684896
298240
298272
684976
685072
298304
498160
926080
498336
298640
685152
298720
685232
298800
498448
926192
298832
498560
926704
299056
685312
499120
299088
685392
499680
685472
499760
685552
499872
685632
299120
926768
499952
299152
685712
927072
299184
927632
685792
928624
685872
928704
500032
299216
928832
685984
299248
500160
686064
686144
500240
299504
686224
928912
686304
299600
686384
500320
928992
299856
500400
299952
686464
300208
929232
500480
929472
300304
500608
500688
300560
929712
686560
501312
929952
686640
501952
930016
300656
686720
502592
930080
686800
686896
930144
300912
933136
686976
503232
301168
503872
936112
687056
504512
687152
301264
301520
505152
936592
687232
301616
687312
505792
936656
301872
506416
687408
687488
506512
506608
301968
687584
302224
506656
687664
936720
302480
687744
687840
302576
936768
506704
302832
936816
302928
507072
687936
303344
688032
936896
688128
507184
936992
303440
303536
937072
937120
303632
688208
507296
688288
937136
688368
303728
937152
507664
688448
303824
508032
937168
688528
303904
508400
937264
508768
688608
303984
937360
688688
509136
688768
304064
509504
937632
304192
509872
688848
937712
688928
937808
304272
510240
510608
937888
689024
938080
510976
304400
938272
511344
689104
304480
689184
511712
689264
938464
512080
689344
689424
938656
304608
689504
938688
512448
304688
689584
512816
938720
304768
513184
689664
304848
513552
689744
938752
304976
689824
689904
513920
938832
305056
689984
690064
938912
514288
305184
514656
938992
305264
690144
515024
305392
690224
515392
690304
939056
305472
515808
516176
516528
939120
690384
690528
939184
690576
305600
939248
690784
939328
305680
516880
517232
690832
939376
691088
305808
517584
305888
517984
518384
518752
939408
306016
691392
519024
306272
519088
306304
691696
939552
691792
692000
939680
306400
692128
692176
519152
939760
692496
692544
939840
306512
939920
306688
693152
940000
306720
519216
306752
519280
693296
940080
306784
693904
519344
940112
306816
519360
306848
695088
940160
519376
519392
940208
695296
519408
519424
306880
940288
306912
519440
306944
695344
940336
519456
306976
941360
519472
307008
695760
941424
307264
695776
519488
941472
695840
941488
307520
519504
519520
307600
696016
696176
941504
519536
307696
941664
519552
696272
307728
519568
696592
941824
307760
941872
519584
696912
942064
307792
697232
942080
519600
307872
942096
942208
697552
519616
697872
698192
307952
519632
942496
519648
942576
698272
308032
942672
698352
698432
698512
519664
942848
308064
943024
308192
519680
943104
308224
519696
698592
943376
943472
308304
519712
698672
943568
944176
698704
699504
308336
519728
944288
699680
308416
944400
308496
699792
519744
519760
699984
700048
519776
944720
945040
308576
519792
700576
945360
700784
308656
519808
700864
945680
701008
946176
308736
519824
946624
701456
947040
519840
701664
308816
947664
701712
519856
308896
702048
947808
519872
308928
519888
948144
702720
308960
948224
519904
309088
948320
519920
948448
309120
519936
702800
519952
702880
309152
519968
702960
309392
948560
519984
309632
703040
948640
309680
948736
309712
703120
703200
520000
948832
703280
949312
520016
703360
309744
520032
309856
703440
309984
520048
950192
310096
950944
703520
520064
951712
520080
703600
310224
703680
952496
310336
703760
520096
953296
520112
954096
310416
955008
310496
703936
310576
955888
520128
310656
961024
704112
520144
704288
310736
704464
520160
520176
961760
704640
310816
520192
520208
962496
704816
963216
520224
310896
520240
704992
310976
963936
520256
964672
705168
311056
520272
311136
311216
965408
705344
520288
311296
966224
705520
520304
966256
311376
705696
705872
966304
520320
706048
311456
706160
520336
311536
966336
706240
520352
311616
706448
311696
966400
520368
311776
706528
966464
520384
311856
966576
706736
520400
966864
311936
967104
706880
967184
312016
520416
967264
312096
520432
312176
967344
707024
312256
967440
967568
312336
967648
520448
707168
312416
520464
707312
967728
520480
312480
520496
312544
967872
707456
520512
312624
968208
707600
968576
312688
520528
707744
968656
707888
312768
968736
520544
708032
968816
312864
520560
708176
968912
520576
312960
708320
708464
520592
313040
969008
708608
970288
708752
313120
973168
520608
708896
520624
709040
709184
313200
973408
520640
314400
709328
973472
314448
709472
520656
315760
709616
520672
709760
315840
973520
709904
973712
520688
315888
973744
520704
973776
315952
520720
710048
973840
316032
520736
973920
710192
520752
316080
710336
973984
520768
710480
316160
974048
316240
710624
316320
520784
316416
710768
316480
710912
316576
316592
711056
520800
711456
316624
520816
711712
316656
711968
712224
520832
316672
712480
316688
520848
712736
520864
520880
712992
316784
316880
520896
520944
713248
713504
316976
520992
317072
521040
713760
521088
317120
714016
714272
317216
521136
714528
714784
521216
715040
317264
317312
521296
715296
317360
521392
317408
521856
715552
521904
715808
522192
716064
974464
317456
974544
522352
716320
317504
522576
974624
317552
716576
522848
716832
523072
974704
317600
523344
717088
974800
523440
317648
974864
717344
523520
974928
317696
523600
974992
717600
523680
317744
975088
523760
317792
523856
317840
975152
717856
523936
718112
975216
317888
975264
317936
524016
718368
317984
524096
718624
318032
318080
524192
318128
718880
975344
318176
719136
318224
524288
975408
524320
975472
719456
318272
975536
318320
524496
719616
975600
719888
318368
524672
975696
720448
524848
525024
720528
318624
318720
720608
318832
720688
975808
720768
975904
525200
318928
976032
720848
525376
976624
720928
319152
525552
525728
977216
319360
720992
977808
525904
721088
319568
526080
721536
526256
319776
978416
526432
721808
979072
526608
722256
319872
979728
722544
526784
320080
722832
980384
526960
320160
723136
723440
320224
527136
723744
981056
527312
723936
320288
981984
724128
527488
982912
320352
527664
983824
984768
527904
724320
528400
984800
984832
320416
724512
528896
320480
724704
724896
529408
725088
985168
320816
725280
985248
321040
725680
529920
985328
321264
985408
530528
530784
985488
321488
725840
531424
321712
726240
531968
321760
321808
985584
321856
321904
726352
532496
726416
321952
985680
985760
533040
322000
726480
322048
985840
533360
726544
322096
985920
726608
322144
986000
533680
726672
322192
986080
534000
726736
322240
726800
322288
986160
534064
726864
986176
726928
986192
534384
322336
726992
322384
986208
727056
986224
322432
727120
986272
986320
534448
727184
534768
322480
727248
322528
535088
986368
322576
322624
727312
535408
986400
535488
727376
322672
727440
322720
535520
986432
727504
535744
986464
986512
727568
322800
535840
986544
322880
535936
986576
727632
323024
536160
986608
536256
986656
727696
323104
727760
323408
536352
323424
727824
986688
986720
536512
727888
727952
323888
536608
986752
324352
728016
536832
728080
728176
536928
992416
324832
537008
728272
537088
728336
992464
325312
1106528
537168
728464
537248
325792
537328
1106560
326016
728592
1106592
326240
728720
1106624
537408
326464
728848
1106656
537472
326688
728976
993296
1106688
537552
326912
993344
1106720
327136
327328
1106752
729104
537632
1106784
327520
993472
327712
993568
729232
537696
1106816
327984
729360
537776
1106848
1106880
328656
1106912
993664
729488
537856
329328
1106944
993696
729616
537920
993792
330016
1106976
538480
729744
330624
538544
993968
331296
1107008
538608
331408
993984
1107040
538672
729872
331520
538912
730000
1107072
331632
730128
539008
539104
331744
1107104
539136
331856
730256
1107136
539168
1107168
331968
730384
1107200
539264
730512
539360
332080
1107232
730640
539456
332192
1107264
730768
332304
539616
730896
1107296
731024
1107328
332416
539648
731152
1107360
539680
731216
332528
539712
731280
332640
731344
332752
731408
1107392
332864
1107424
731472
539744
332976
1107456
333088
731536
539776
1107488
333200
731600
539936
333312
1107520
731664
333424
731728
540176
731792
540304
333536
333648
731856
540464
333760
731920
731984
540704
732048
333872
333984
540976
732112
541248
334096
732176
541520
334208
541792
732240
334320
542000
732304
334432
732368
542080
732432
542272
732608
334544
542400
334656
732880
334768
542480
732992
542608
334880
334992
542688
733232
542768
734080
335104
543264
335216
734256
543760
335328
335440
734848
335552
735008
544256
335664
735088
544752
335776
735728
735824
544800
544848
736864
335888
737776
544896
738128
336000
544944
738192
544992
336112
545040
336224
738256
545120
336336
738544
336448
738608
336560
545184
336672
739120
545248
336784
739216
545600
336896
739312
545632
337008
739408
545664
337120
739600
739648
545696
337232
739792
545856
337392
739872
545888
739888
337504
739904
546288
739920
546448
337600
739936
546608
337696
739952
547168
337792
739968
547216
337888
740048
547264
338032
338176
740080
547312
338288
547360
740192
740224
338400
547408
740752
547456
338544
740784
547504
338960
740816
547552
339408
740848
339856
547600
740880
547648
340304
740912
547696
340752
740944
547744
341200
341648
547792
740976
342096
547840
741008
342544
741040
547888
342992
741072
547936
343440
547984
741104
343888
344336
741136
548032
344784
548080
741168
345232
548128
741200
345680
741232
548176
741264
548224
741296
548272
741328
548320
741360
