102688
125024
102784
78048
183694
125088
102896
125152
125232
78128
125312
78208
184840
102992
185104
103088
78416
103184
185200
103232
185424
103280
78624
185440
103392
78832
185472
103472
79040
185504
103616
79104
186176
103664
79168
125392
103904
186208
125472
104256
186224
125584
104864
186304
125632
186336
105168
125680
186368
105296
105424
105680
125728
106912
125776
79248
79440
107264
79520
125824
193440
186400
107392
79600
125872
107600
79968
125920
107920
186416
125968
186464
126112
186512
126240
186560
186608
126448
186656
126720
126816
108016
126896
80064
108112
126976
80256
186736
80752
127056
108208
186800
80832
108304
186832
108400
186864
193456
108480
186912
127104
186976
108656
80912
193472
127152
108768
127200
80960
193488
193504
81040
109008
193520
81120
193536
81200
81280
81360
187040
109328
109392
109488
110128
81440
110176
110304
187104
187152
110432
187200
110560
187264
110688
127248
110816
187296
110944
188320
81520
127312
188496
111072
127392
111216
188640
81664
127456
188656
127520
188752
127600
188816
81808
188864
81952
82096
188928
82208
188960
189056
127664
127712
127760
111376
189120
127808
189152
111504
127856
111632
82256
189248
111776
111904
112032
112160
112272
127952
112384
128192
112496
128240
112592
128288
112720
128336
112848
189520
128432
112976
189904
82368
113120
189952
82448
190032
113280
128480
113408
190160
113536
82512
190240
113664
82576
190304
113776
82800
190448
113936
82976
190608
114032
128528
128576
83136
190624
128656
114192
83232
128816
83296
190640
83360
114288
190656
83408
190672
83456
190688
128944
83568
190704
83680
190736
83760
190768
83840
190784
83920
190832
84000
114384
128960
84080
114544
129008
84160
114640
84240
84320
84400
114736
129056
190848
129136
129200
129328
114896
129456
129552
190864
129648
114992
84480
115088
190944
84560
129744
129808
129888
115248
129952
190992
115344
191008
115440
115600
115696
191024
191424
130288
115792
191504
191520
115952
130624
84640
191536
116048
84720
191712
84800
84880
84960
85040
85216
85408
85488
85568
85968
130976
116144
131344
116304
191744
116400
116576
191760
86368
191920
116704
131696
116928
132048
191952
117152
132128
192080
117232
192160
117360
192176
117488
192208
192240
132288
117616
132352
192272
117760
86768
117904
192320
87168
117968
192336
118096
192384
87312
87392
118224
87472
192432
192512
192576
132416
118352
192656
192672
192752
192832
192896
87520
132480
118432
132544
87696
87872
88048
132624
88224
132672
88608
132752
118544
132816
132880
118608
88688
119024
132944
119088
132992
119152
119216
119424
133072
119552
133312
119680
133360
119808
88992
133408
119936
89040
133504
120096
89312
133600
120224
120352
133712
89360
120480
133824
89888
120544
120608
120672
133888
90112
120736
133936
90160
120832
90208
120928
133984
121024
121072
90256
121232
121344
90304
134032
134112
90480
134176
121440
90624
121600
121760
121808
122096
134240
134304
90720
122256
134368
134416
122416
90912
122480
122544
122608
122752
122896
123072
123168
123248
123568
134480
134592
134656
134784
134912
134976
135040
91104
135104
123616
91216
123664
91360
123712
123760
123808
123856
123904
123952
124016
135168
91520
91600
135232
135296
91680
124080
135360
91760
135424
135520
124128
135568
124176
91840
124256
91920
124304
135648
92000
135728
92080
135824
92320
92592
92864
135920
93136
124352
136000
93408
136080
136160
136224
93680
136288
93952
136464
124400
94032
136704
124448
137040
94208
137280
94272
124592
137376
137472
137552
76688
94368
124672
124864
94496
76880
77072
77264
77456
77648
77728
94768
137616
137696
137776
77808
94816
137856
77888
137936
94864
138016
138144
77968
138512
138608
138752
138944
139136
139520
94912
95024
139984
95104
95184
95312
95440
95568
95696
96688
96752
97744
97888
97936
98720
98992
99152
99456
99760
99872
99984
100096
100208
100320
100416
100496
100576
100656
100784
100912
101040
101120
101232
101280
101328
101376
101424
101472
101584
181472
181568
181600
181632
181664
181744
181776
181808
181872
182272
182288
182560
182928
183024
183255
102176
102400
102576
102640
183422
