99136
99184
88896
99232
88944
99280
99424
89024
99520
89200
111056
111152
89328
111184
111264
111296
111328
111392
89456
99584
111616
89584
99696
111632
99952
111664
89664
111696
89792
112368
89840
100624
112400
74512
112416
79856
89904
101072
112496
101264
101952
79920
112528
89952
102048
102144
112560
102224
112592
79984
102288
80064
90000
112608
102592
80112
90048
112784
102816
112928
80160
102976
112944
80224
90096
103152
113040
80352
90176
103200
113104
80448
90304
113152
103264
80704
103424
103472
90352
80816
90544
80928
103520
90608
104384
113216
90736
113248
104592
113344
90832
90896
81088
90976
91056
104672
81232
105264
91152
81360
105360
91248
113408
105824
113440
113536
81424
91328
113808
81456
106208
91408
81488
106224
91488
114192
91568
107408
91952
114240
81584
92000
81696
107968
114320
108016
92080
92208
92336
108064
92560
108224
108400
108464
108576
114448
81776
108848
81872
114528
108928
114592
81920
109088
114608
82000
109264
114640
109312
82048
109360
92624
114672
82432
92704
82752
114704
83200
93120
93296
114752
83248
110032
93344
83296
93392
110080
83344
114768
93440
83392
114816
93488
110208
83488
93536
114864
83792
93584
110304
114944
84032
93632
115008
110400
110432
93680
115088
110528
93728
115104
84080
115184
115264
93904
115328
94176
110704
110720
84128
94288
115376
84176
94368
94448
115424
84288
94544
84336
115472
94640
84384
115504
115904
84432
94688
115920
94768
84480
116192
94896
84592
84688
116560
94960
84752
116704
95120
95280
84816
116864
95344
116880
95456
116896
95600
95664
84864
116912
95728
116928
96000
84912
116944
84960
116960
85008
85088
116992
85168
96272
96384
85216
85568
117024
85776
117040
96464
85872
117088
85952
96512
117104
96560
86048
117120
86096
117136
86144
96608
117152
96640
86304
117232
117280
119968
86656
119984
96672
120000
117296
96752
96832
87008
120016
87168
120032
87264
120048
96912
96960
97056
97104
97168
97312
97472
97568
97664
97728
97776
117312
97840
117712
98016
117792
98192
117808
98240
117824
98320
118000
98400
118032
98576
118048
98624
118208
98672
118240
98768
118368
118448
87360
119472
98848
120064
120384
87520
87696
87760
87920
88000
88064
88128
88208
88288
88352
88416
88496
88560
88640
88752
88848
98944
99008
99072
131552
