78048
102688
78128
102784
78208
78416
102896
78624
102992
78832
103088
103184
103232
103280
79040
103392
79104
79168
103472
103616
79248
79440
79520
103664
79600
125584
125632
79968
125680
80064
103904
80256
125728
186336
125776
125824
125872
125920
186416
80752
80832
186464
186512
186560
186608
186656
80912
186736
186800
186832
104256
80960
81040
81120
126240
104864
186864
81200
186912
105168
186976
126448
187040
126720
105296
81280
126816
126896
126976
127056
187200
81360
127104
127152
81440
127200
127248
81520
127312
127392
127456
105424
81664
127520
81808
127600
127664
81952
127712
127760
127808
127856
82096
82208
127952
128192
82256
82368
76688
82448
82512
128240
128288
82576
128336
76880
128432
128480
77072
128528
82800
128576
82976
128656
83136
83232
83296
83360
77264
190240
83456
190448
83568
77456
83680
83760
77648
83840
77728
83920
77808
77888
84000
77968
84080
84160
190944
84240
84320
84400
84480
84560
84640
105680
84720
84800
84880
84960
85040
106912
107264
192160
85216
192176
85408
85488
107392
85568
192832
192896
85968
107600
132048
107920
108016
132128
108112
132288
108208
108304
132352
86368
132416
132480
132544
108400
132624
86768
132672
87168
132752
87312
132816
87392
108480
87472
132880
132944
108656
87520
87696
108768
87872
133072
133312
133360
88048
133408
109328
133504
109392
133600
133712
133824
88224
133888
88608
133936
133984
109488
134032
110128
134112
110176
134176
110304
134240
88688
88992
110432
134304
134368
110560
134416
110688
110816
134592
110944
89040
134656
111072
89312
134784
111216
134912
111376
134976
135040
111504
111632
135104
135168
111776
135232
111904
135296
112032
135360
89888
90112
112160
90160
135424
90208
135520
112272
90256
135568
112384
135648
112496
135728
112592
135824
90304
135920
112720
136000
90480
112848
136080
136160
136224
112976
113120
90720
113280
90912
136288
113408
91104
113536
136464
113664
91216
113776
136704
113936
137040
91680
91760
137280
114032
91840
137376
137472
91920
114192
137552
92000
114288
137616
137696
114384
137776
92080
114544
137856
114640
137936
92320
138016
114736
114896
114992
92592
115088
92864
115248
115344
93136
115440
115600
115696
93408
115792
115952
93680
116048
93952
116144
94208
116304
94272
94368
116576
116704
94496
94768
94816
94864
116928
94912
117152
117232
95184
95312
117360
95440
117488
95568
117616
117760
117904
117968
118096
118224
118352
118544
119024
119088
119152
119216
119424
119552
119680
96688
119808
119936
120096
120224
96752
120352
120480
120544
97744
97888
120608
120672
120736
120832
120928
121024
97936
121072
121232
121344
98720
121440
98992
121600
121760
99152
99456
121808
99760
99872
122096
99984
100096
122256
122416
100208
122480
100320
100416
100496
100576
122896
101232
101280
101328
101376
101424
123568
101472
123616
123664
123712
123760
123808
123856
123904
123952
124016
124080
124128
124256
124304
124352
124400
101584
124448
102176
102400
102576
102640
181472
181664
181744
181776
181808
182928
