346128
741392
548368
548416
741424
346144
548464
346384
741456
346464
741488
548560
346544
548704
741520
346624
548864
741552
346704
548944
549008
346784
741584
549088
346864
741616
549168
346944
549248
741648
741680
347024
549312
549376
741712
347104
549440
741744
347184
549536
347264
741776
347344
549632
741808
347424
549664
741840
741872
549824
741904
549888
347504
741936
549984
347584
741968
550080
742000
550176
347776
742032
550320
742064
347968
550416
742096
348160
550512
348352
550608
742128
348544
550672
348736
742160
550736
348928
550800
349120
742192
550864
349216
742224
550928
349328
742256
349408
550992
742288
742320
349488
742352
551056
349568
742384
349808
551120
349952
742416
551184
350064
742448
551248
350288
742480
742512
350512
551312
551376
742544
350736
742576
551440
350960
551504
742608
351184
551568
742640
351232
551632
551776
742672
351248
351264
351280
551920
351296
351312
552064
742704
351328
742736
351344
552208
742768
552352
351360
742800
742832
552496
742864
351408
552576
742896
742928
552656
351456
742960
552736
351504
552816
742992
351552
552896
351600
743024
552976
553056
743056
351648
553136
743088
351696
553216
351744
743120
743152
351792
553296
553376
743184
351840
743216
553456
351888
743248
553536
351936
743280
553616
351984
743312
352032
743344
553696
352080
743376
553760
352128
743408
553840
743440
352176
553920
743472
352224
554000
743504
554080
352272
554160
743536
352304
743568
352352
554240
743600
352400
554304
743632
554368
743664
352448
554432
352496
743696
554496
352544
743728
554560
994688
352592
743760
352640
994736
743792
554624
994885
554688
352688
743824
994992
554752
352736
743856
554816
352784
995088
352800
554880
995312
743888
995408
554944
352816
743920
995440
352832
743952
995472
352976
555008
743984
555072
353120
555136
995504
353264
995536
555200
744016
744080
555264
744144
555328
353408
555392
744208
353552
995712
744272
353696
995728
555456
744336
995872
353840
995888
353984
354128
555520
744400
555584
995984
744464
354144
555648
354160
555712
354304
555776
354448
996048
555840
996096
744528
996160
744592
354592
996192
744656
555904
996288
354736
744720
354880
555968
996352
744784
355024
996384
355168
744816
556032
744848
996480
556096
355312
744896
556160
355328
744944
556224
744992
996752
745040
556288
355472
355616
997136
745088
556352
355760
745136
997184
355904
997264
556416
745184
997392
356048
997472
356192
745232
556512
997536
745280
556608
997936
356336
556704
997952
745328
356480
998224
745376
356624
998592
356640
998656
745424
556768
998880
357040
556832
745472
357456
998928
745520
556896
357856
745568
998976
556976
745616
557184
745664
557472
358256
557664
745712
999072
999216
557744
745760
999248
999344
358656
745808
999376
557824
358752
745856
999552
557904
999728
745904
358848
557984
745952
558064
358944
999792
746000
746048
359040
558144
1000064
746096
746144
359152
746192
558224
1000179
746240
558304
746288
359264
1000224
746336
558384
359392
746384
558464
1000272
359504
746432
558544
359616
1000384
746480
359728
558624
746528
558704
746576
1000608
558784
746624
558864
359840
1000688
746672
359952
1000912
558944
360064
746720
1001056
559024
360176
746768
1002056
360288
559104
746816
360400
559184
746864
360512
360640
746912
746960
360752
1002208
559264
360864
747008
1002416
559344
360976
747056
559424
1002448
361088
1002512
747104
361200
747152
361312
559504
1002560
747200
1002608
361424
1002656
747248
1002880
361536
559584
747296
1002896
559664
361664
1002928
747344
559744
1002960
361776
1003632
361888
559824
747392
559904
747440
362000
1003712
362112
747488
1003744
559984
1003776
362224
747536
560048
1003808
362336
560112
747584
560176
1003824
747632
362448
560240
1004848
747680
362560
747728
362672
560304
1004864
362784
747776
1004896
560368
747824
362896
560432
747872
1004928
363008
363120
747920
560496
1004960
1005008
560560
363232
747968
560624
363344
560688
363456
560752
560816
748016
1005024
363568
1005072
560880
748064
560944
748112
561008
748160
363680
1005120
561072
748208
1005200
363792
363904
561136
1005264
561200
1005344
561264
364016
748256
748304
364128
561328
1005360
364240
561392
364352
561488
748352
1005440
748400
1005520
561584
1005584
561680
748448
1005664
561776
364480
561872
1005712
364592
748496
1005760
561968
364704
1005808
748544
562064
364864
748592
562160
365056
562256
365248
365440
748640
1005840
562352
1005856
748688
562448
1005904
562544
1006304
748736
1006384
562640
749200
365632
1006400
562736
365824
1006416
749232
366016
1006592
1006624
366176
562832
366336
749280
1006640
562928
366496
749328
366656
563024
1006800
366816
563120
1006832
366976
749376
563216
1006912
1007008
367136
1007296
749424
1007408
563312
749472
367328
563408
749520
367520
563504
749584
1007632
367712
749616
563600
1007776
367904
749808
368064
1007808
563696
749840
563792
368224
1008448
750192
368384
1008608
368544
750304
563888
1008832
368704
1008880
563984
750384
368864
564080
750480
369024
1008896
750896
1008912
750960
1008960
564176
1009008
369184
564272
1009056
751024
1009104
751088
369344
1009248
564368
564464
1009408
369664
564560
1009424
369824
751152
369984
1009440
751216
564656
370144
1009456
370304
751280
1009472
564752
370464
564848
751344
751408
564944
751472
1009488
751536
565040
1009520
751600
370624
1009552
370784
1009568
565136
1009616
751664
370944
1009632
751728
565168
371104
1009648
751792
565200
1009664
371264
751856
1009744
371424
565232
371584
1009792
565264
1009808
751888
371744
565296
1009824
371904
565328
752304
1009952
372064
752720
1010368
372224
565360
372384
565392
1011120
565424
752832
1011392
372544
565456
1012512
372704
565488
372864
752976
373024
753104
753520
373184
565520
565552
373344
753584
754272
373504
565584
754960
373664
755648
565616
756336
373824
565648
757024
565680
757712
373984
565712
758704
374624
565744
759168
759328
375296
565776
759824
565808
565840
375936
759856
565872
759888
376592
565904
377248
759904
565936
377888
759920
378544
759936
565968
379184
760000
566000
379824
566032
380464
381104
760064
566064
381744
382384
566096
383024
566128
760192
383680
760272
384336
566160
384992
566192
385664
760464
566224
566256
760656
566288
386304
566320
386944
566352
760848
566384
387600
761040
388240
388896
389536
761232
566544
390176
761424
566944
761648
390816
567264
761760
567584
391472
567792
761872
762048
391584
391696
762112
568000
568208
762144
391808
762208
762240
391920
762272
568384
392032
764992
568544
392144
765040
568736
392272
568896
765168
392400
569984
392528
765216
392656
570688
392784
570864
765264
392912
571056
765312
393008
571264
765360
393520
571600
765408
571776
393584
393680
765520
571856
393872
394064
571936
765632
394256
571984
765744
572032
395296
765808
395648
572112
766016
396000
766144
766176
396352
572192
766208
572272
396704
572320
766304
766352
572400
397056
572464
397408
572544
572624
766528
397488
572704
766640
397696
572784
766816
397776
767120
397888
767184
572864
573024
398048
398208
767248
573104
398368
767312
398528
398688
573184
767376
398848
767440
767504
573232
398992
767568
573312
399136
767632
573360
399280
767696
573440
767760
399424
573488
399568
767824
573568
399712
573616
767888
399744
573696
399776
573744
767952
399856
768016
399952
768080
400048
573824
768144
573904
573952
400144
574032
574112
768208
400224
574160
768272
574240
768336
400304
574320
768400
574368
400384
574448
400480
768464
400560
574496
768528
400640
574576
574656
400720
768592
400800
768656
574736
400880
768720
574816
400960
574864
401056
574944
768784
401136
575024
768848
401216
575104
575184
66576
768912
401296
575264
66768
768976
401392
575328
575408
66960
769040
401488
575456
67152
769104
575536
769360
67344
575616
769616
401568
67376
575696
401584
67440
575776
401600
67680
769872
575824
67920
401616
575904
770128
68160
401632
575984
770384
68400
401648
68640
401664
68880
576032
770640
401680
576112
69120
401696
69360
770896
69600
771152
576160
401712
69840
70080
576240
401744
771408
401760
70320
576288
771664
70560
771920
401792
576368
70800
401824
576416
71040
772176
71280
772432
772688
71520
576496
401856
576544
71760
576624
72000
401888
772944
401920
72240
576672
773200
72480
401952
576752
72720
773456
576800
72960
773712
401984
576880
73200
773968
93008
402000
402016
93072
576928
402032
402048
774224
93104
577008
577056
774480
402064
577136
774736
577184
93136
774992
93200
577264
775248
402080
93296
775504
402096
775760
577312
93392
776016
402112
93456
776272
402128
577376
1013424
93504
577424
776528
402144
1013440
776784
577600
93744
777040
93776
1013456
577696
777184
93808
1013472
402160
777328
1013488
577856
1013504
578016
777472
402176
93904
1013520
777616
402192
94144
578176
777760
94208
578352
402208
578512
94336
777904
578864
402224
579024
579184
15941
778048
402240
94384
579536
778192
778336
579712
778480
94448
579872
778624
94528
778768
580032
402256
778912
779056
94624
94688
779200
402272
580192
94720
94880
779344
402288
580352
94928
402304
779488
580528
402320
402336
580688
580864
94992
581024
779632
581184
95008
402352
95056
581536
402368
779776
95120
402384
581712
779920
402400
581872
95312
402416
780064
95504
582032
95696
780208
582192
402432
582352
95744
780352
402448
582512
402464
95792
780496
582672
402480
402496
583024
583200
402512
95856
780640
95904
583360
96272
402528
583520
780784
96304
780928
583680
402544
402560
583840
781072
96352
584000
781216
96400
584160
781360
402576
584512
781616
402608
402640
96416
402672
584688
781648
96464
584848
782112
96512
782480
585200
402704
96544
402736
585376
402768
782848
585536
96576
402800
402832
96592
585888
96608
586064
402880
96624
586224
403104
782928
586576
96656
403120
783008
403136
97184
586752
403152
97248
586912
783088
97408
403376
783168
587072
403616
783248
404016
97472
587232
783328
587296
783376
404416
587472
404736
97488
783424
97776
587520
405088
783472
587600
98176
783520
98432
405136
587680
98624
405168
783568
98816
405200
783616
99008
405232
99200
405264
99264
405296
587888
405344
783664
783712
405456
99328
588016
99536
588144
783760
407024
99600
783808
408592
588192
99664
588352
99856
783856
588512
99936
783904
409776
783952
100240
588704
784000
100304
588896
784048
410288
589024
410864
100368
784096
589232
411168
784144
411344
589312
100416
411360
100576
784192
411376
589376
784240
411392
100640
589408
411456
784288
589472
411520
784336
589504
411824
589584
784384
100688
412576
100736
589696
100784
589808
412720
100832
412864
589984
784432
413008
100880
784480
590048
413152
100928
413296
100960
784528
590112
101248
413440
590160
784576
101280
413584
101552
784624
590240
101600
784672
590832
101648
784720
101696
784768
591184
413920
784816
591392
414288
784848
591456
101872
414496
591536
102064
415008
102112
415088
102176
591648
784928
415168
591856
591968
416096
102224
785056
416272
592144
102272
785120
416448
592208
102320
416592
592272
785328
102368
592320
102528
785536
416672
102608
785744
592416
102640
416752
102704
592832
102880
785952
592912
416848
102976
786160
593072
416928
103024
786368
593136
103072
417008
786432
593168
103184
593200
786496
103360
593264
417088
103472
593296
417168
103568
593328
786560
786624
417248
786688
103648
593360
103680
593392
417328
786880
593424
417408
786944
593456
417488
786976
593488
593520
417568
593552
103744
787008
787040
417648
593584
103792
787136
103920
417728
787232
103984
417808
593616
104080
593648
104208
593712
104288
417888
787328
417968
593776
104352
418048
593920
104512
418128
787424
104544
787520
787616
594128
104576
418208
594176
104624
594256
418288
104672
594336
787712
594432
418368
104720
418448
104928
594688
787808
787904
594848
105168
418528
594928
788000
105200
595008
418608
788096
105280
418688
788288
105408
595152
418768
105632
595376
418848
595552
105664
418928
788912
595584
419008
595616
788976
419088
595664
105696
789040
419168
595696
105712
789216
789312
595888
105728
789456
105808
419248
596048
596288
105888
789600
419328
789760
596352
105920
419408
596416
105952
596480
789904
419488
106160
790048
596544
106256
106288
596576
790192
419568
596736
106512
790336
419648
790480
596784
106560
419728
790624
419808
596832
106688
791008
419888
596944
106752
419968
597056
106880
791088
106960
791168
107008
597168
791200
107104
420048
107248
597344
420128
791280
107472
597488
420208
791408
107920
791520
420288
597648
420368
791904
420448
792192
597696
107968
420528
792496
108048
420608
597920
792800
420688
108192
597968
108224
793104
598048
108400
793408
420768
598112
793712
598208
794016
598272
794320
420848
108496
598336
794624
108864
420928
598496
794928
598592
421008
795232
109040
598768
421088
795536
598880
795840
421168
796144
598960
796448
599104
796752
109200
109664
797056
421248
599184
109728
599248
109792
109856
421328
797360
797664
110064
797968
110112
421408
110368
798272
421488
599344
798576
421568
599440
110560
110704
111040
111184
111280
599632
421648
111424
798880
599904
421760
799184
600176
421856
799488
111584
600304
421952
600528
111728
799792
600592
422048
600720
422144
600784
422176
800096
600832
111888
800400
600864
112032
800704
600944
422208
801008
112192
601024
423312
801312
112288
601088
424480
112464
801600
601264
424512
112704
601392
424528
801888
601600
112848
802016
424544
424560
112992
601680
424576
601760
802096
601792
113136
424592
802600
601856
113280
424608
802976
601888
113344
424624
803376
424656
113536
601920
424688
113760
601952
114304
602000
424720
803456
114352
602048
424752
803536
114400
602128
424784
803616
114448
602176
424816
803696
114496
424848
803744
425024
114832
602272
803792
425200
114944
803840
425376
115136
602352
425728
803872
426096
803904
115184
602432
115200
426208
602512
803936
115328
426320
803968
602608
115360
804000
426640
602688
116032
426976
804032
602768
116064
804064
427008
602864
116384
804096
603040
804128
427040
117104
603088
804160
804192
603232
427072
117360
804224
427264
603344
804256
427472
117392
603504
804288
603664
428000
117568
117616
804320
428368
603744
117760
804352
603824
428832
804384
603904
804416
117872
603984
117920
604064
118160
429312
804448
118208
604144
429760
118256
604224
430224
118336
604304
804480
430688
604384
118448
430704
804512
604480
604672
118496
430720
604736
118592
804544
430736
804576
118624
804640
118656
430752
604800
118768
430768
604864
804704
118992
430784
604960
804768
431120
119056
605264
804800
605568
119696
804832
431408
431776
119728
804864
432144
119792
605872
119872
804896
432512
119984
606000
120144
432880
606080
804928
433248
120176
606160
804960
433728
804992
606240
434208
805024
434688
606416
805056
120672
606752
606816
120704
805088
435168
120736
606880
805120
435648
805152
120768
606944
805184
120800
435696
805216
606992
805248
435744
120832
120896
607040
805280
607088
120928
435792
607136
805312
120960
435840
607184
120992
607232
121024
805344
435888
607280
435936
121056
805376
607456
607504
435984
805456
121088
436032
607552
805520
607600
436080
805584
121136
436128
805648
607664
121184
436176
607712
121280
436224
805712
607760
121312
436272
121360
121408
436320
607840
121440
436368
805776
607920
436416
608000
121472
436464
805840
608112
121504
608224
805904
436512
436560
608336
121536
805968
436608
608448
806032
436656
121568
608560
436704
806736
436752
608656
121600
807232
608752
436800
121632
436848
807728
608848
121664
608912
121696
808224
608960
121808
436896
808544
609088
436944
121936
808720
122160
436992
609216
809040
437040
609344
122272
809360
122352
609472
437088
809680
609600
122384
810000
437136
609728
122416
437184
609856
437232
810320
122480
437280
609984
122544
810640
437328
610112
122768
811024
610240
437376
811072
123056
811104
437424
123312
610288
811136
437472
123600
811168
610368
437520
123664
811200
437568
610416
811232
123712
610464
437616
123760
811264
610544
437712
123824
610624
811296
437808
610864
811328
123872
438224
610928
811360
123888
438640
610976
811392
611024
438688
811424
123952
611088
438736
811456
438784
123984
811488
438832
124032
811520
611152
438880
811552
611216
811584
438896
124544
811616
438912
611280
438928
124592
811648
438944
124688
611344
811680
611408
811712
438960
124720
611472
438976
811744
124896
611536
124960
811776
611600
811808
438992
611664
125040
439008
811840
611728
439152
125104
811872
611792
811904
125136
439248
125216
439472
611856
125248
439584
611920
125280
611984
439952
811936
125296
440112
125328
811968
440496
125360
612048
125696
812000
440656
125760
612112
812032
812064
812096
441056
125952
612176
441232
812128
612240
812144
441648
126000
612304
441824
126016
812160
612352
126032
442064
612400
812208
126080
442240
442416
812560
612448
126128
442512
813040
612496
126160
442528
813680
612544
126240
442544
813744
612592
126400
442560
813808
442576
813872
612720
442592
126416
813936
442608
612784
814000
442624
814064
612848
126448
442640
814128
612912
442656
814192
126496
612976
442672
814256
126544
442688
613040
814320
126624
613104
442704
814384
814448
442720
126640
613168
442736
126864
814512
442752
127088
613232
814576
442768
127168
613296
127856
814640
442784
127904
613360
814704
127952
442800
814768
442816
128032
613424
814832
442832
128048
613488
442848
613552
814896
814960
815024
128384
613616
442864
815088
128432
613680
442880
815152
128896
442896
815216
442912
129312
613888
815280
129472
815344
129536
442928
614096
815408
129680
442944
614304
442960
815472
614512
815536
614720
815600
129760
614928
442976
815664
129808
614976
442992
815728
129904
615024
443008
815792
443024
130240
815856
615072
443040
130432
815920
615120
130944
443056
615168
131008
443072
131152
615216
815984
615264
816048
443088
615312
443104
816112
131360
615536
443120
132976
615760
443232
133568
443616
615984
816176
444000
816256
616208
816480
134720
616432
444336
816560
616656
444656
134768
816784
616704
134816
444976
816976
135664
445296
816992
616752
135696
445616
446000
817040
135728
616800
446320
616848
817072
446640
135776
616896
817104
616944
446960
817184
135888
447280
616992
817376
135968
617040
817600
136016
617088
617136
136144
817824
447600
617184
447936
818048
617264
136256
818272
617344
136384
448320
818496
448640
617424
136528
617504
448960
818720
136768
617584
818944
136992
617664
819040
137104
449280
617744
449600
137328
617824
137424
819136
449936
137488
617904
450336
137536
617984
450736
819168
137600
618064
451072
137632
618144
451408
819200
618224
137680
451744
819296
618304
137872
819392
618384
137952
452080
618464
819488
138000
452416
618544
138016
819584
452752
618624
819680
453088
138160
618704
138240
819776
618784
453424
138272
618864
453824
138352
454224
618944
819872
454560
138432
619024
819968
454896
820064
619104
455232
820160
138528
619184
820256
455568
138560
619264
820352
139872
455904
619344
820448
140560
619424
456240
820528
456576
619504
820592
456912
141984
619584
820688
142080
619664
820704
457312
820720
457648
820768
457984
821280
143232
821328
619712
143392
619760
821376
619808
143440
619856
458320
143488
821424
458656
143536
458992
821472
620080
143712
143744
620128
620176
459328
821520
144240
821568
459664
620224
620272
144432
460000
821616
144928
460400
620320
821664
145312
460672
620368
821712
145328
620416
460944
821760
147552
148048
821808
461216
620464
148848
821856
149216
821904
461488
620512
821952
149584
620560
461552
822000
149632
620608
461744
822048
620656
461904
822096
462064
620704
822144
620752
620800
149664
822192
462224
462384
149760
822240
150016
620848
462432
150064
620896
822288
462592
620944
150112
620992
150144
462752
621040
822336
150192
462912
621088
822384
463072
621264
822432
150224
621408
822480
463232
621552
150256
621696
822528
463248
621792
822576
463264
622000
463280
150288
822624
622208
463296
622304
822672
463312
150416
622448
822720
463328
150560
622560
463344
822784
150592
463360
622608
150656
463376
822912
150704
463392
823040
622656
150768
463408
622704
463424
150832
823072
622768
463440
150864
622832
463456
151152
622896
463472
151216
823184
463488
151280
823296
463504
151296
622944
463520
151312
622992
151376
463536
623040
823456
151992
463552
623088
823616
152096
152128
463568
152192
463584
152224
623136
823776
463600
152416
823936
623200
463616
152432
824096
824288
623264
152864
463632
824432
152992
623312
463648
153312
824480
463664
153568
623360
463680
153632
623408
463696
824576
153648
623456
463712
824688
463728
623504
825648
153712
463744
623552
154224
825696
623600
463760
825744
623648
463776
825840
154256
623696
825872
463792
826144
463808
826416
623744
463824
154304
826688
623792
154320
826960
623840
154384
463840
827008
623888
154416
827056
463856
623936
827120
463872
154448
827184
623984
827248
154512
624032
463888
154656
827296
463904
624080
154704
463920
827344
827392
463936
624128
154800
463952
827440
624176
154880
827488
154944
624224
463968
827536
155008
624272
827584
463984
155648
827792
464000
155968
624320
464016
156128
828000
464032
156384
624368
828208
464048
157248
624416
828416
464064
624464
157312
828624
828832
157344
464080
157552
829040
464096
624512
829248
157888
624560
829456
464112
157936
829664
624608
464128
158176
829872
464144
158400
624656
158640
464160
158928
830080
464176
624704
624752
830288
464192
159264
159408
624800
830496
464208
624848
830704
159472
624928
464224
830912
159536
625008
464240
831120
625088
831328
159568
625168
831536
831744
159840
464256
831952
464272
625248
160112
832160
464288
160144
832368
464304
625328
464320
625408
464336
625488
160176
464352
832576
161216
464368
832784
625568
832992
161248
625648
464384
833200
161312
833408
464400
161392
625728
833616
464416
625808
833824
162560
626016
464480
162672
626224
464528
834032
162784
834240
465520
626432
162944
466512
163376
626640
834448
163600
626848
627056
834656
466528
627264
466544
834864
163712
466560
835072
466576
163920
627472
466592
163952
466608
627680
835280
466624
835488
627888
171280
466640
835696
628096
171584
466656
628304
466672
835888
171616
466688
835984
628512
466704
836416
466720
628720
836480
466736
628928
629136
836560
629344
466752
836640
171696
629552
171728
836720
466768
172512
629760
836800
172544
836880
173120
836960
173152
629968
630176
837040
173296
466784
837120
630384
173328
466800
630592
837200
173744
173776
837280
630800
466816
174192
837360
631008
174224
466832
837440
631216
466848
174640
837520
631424
174672
837600
631632
174704
466864
174736
466880
174768
174800
631840
466896
632048
837680
174864
632256
466912
174896
632304
837744
466928
174928
632352
837808
174960
632416
466944
837904
632480
174976
466960
838000
175008
632544
466976
838096
466992
632608
838208
175056
838320
632656
838352
175072
632704
467008
838384
632752
838480
632800
175168
467024
632816
175200
838576
838672
175248
467040
632864
175376
838768
467056
632912
467072
838864
176048
632960
467088
633008
176096
176128
838960
633104
176176
467104
467120
633232
176496
839056
176560
467136
633280
839152
176592
467152
839248
633328
176640
176768
633376
839344
177216
633456
467168
177472
839440
467184
177536
839552
633504
177584
467200
839632
467216
839744
467232
839920
633552
467248
177648
633600
840096
467264
633664
467280
177760
840272
467296
840288
633680
177808
467312
633728
177920
840304
467328
178032
840368
840416
840496
633792
178144
840576
467344
633856
841136
467360
633904
178256
841696
633968
178368
842192
634016
467376
178480
634080
467392
634128
178592
634224
467408
842752
178720
467424
634240
843712
178832
467440
843808
634320
178944
634384
467456
843904
179056
634544
467472
844000
634608
179168
467488
844096
179280
467504
844144
179296
467520
844256
634656
180672
634704
844368
467536
181072
844480
634752
467552
181136
634800
844576
181472
467568
844656
634848
467584
844752
634864
182944
467600
183680
634912
844848
467616
184080
467632
184128
467648
634976
844944
467664
635104
184176
635168
467680
184224
845024
467696
635216
184272
467712
635264
635312
184304
467728
845120
467744
635392
184352
845200
467760
635472
184576
467776
635552
845296
467792
635616
845360
467808
845424
635680
185008
635728
467824
185408
635776
467840
185440
845472
635840
467856
845520
185616
467872
845728
635952
467888
185664
636000
185696
845936
467904
636048
185952
467920
186016
846144
467936
186336
846352
467952
636160
186384
846384
186416
467968
846416
636208
846448
186448
467984
636256
846480
186480
468000
186528
636352
846512
468016
636400
186576
468032
846544
468048
186720
636480
846576
468064
846608
187280
636560
636608
188224
468080
188352
636656
468096
188368
636704
188576
468112
636752
188608
468128
846640
636800
468144
188640
636848
846672
188672
636864
468160
846704
188704
636880
468176
846736
636928
468192
846768
637008
188736
468208
637056
188768
846800
468224
637088
188800
468240
637136
468256
188848
846832
637184
468272
188896
846864
846896
188944
468288
637232
188992
846928
189104
637280
846960
637440
637488
189168
468304
637504
846992
189328
847024
637600
468320
190192
847072
468336
190320
637648
468352
847168
190448
468368
637856
847264
638064
468400
190752
847360
468432
638112
191344
468464
847456
638160
468496
638208
191392
468528
848176
468944
191472
469424
191616
638256
848720
469552
191648
848768
638336
469680
848816
469808
469936
638400
848864
638448
191680
470064
848912
638608
191712
470224
848960
191808
848992
470304
638656
470384
638704
849024
638752
470480
192304
638944
849056
192368
638960
849184
470576
192528
849312
849440
470672
192688
849568
470768
639040
470864
849696
193040
639104
470960
849760
471056
849808
639168
471152
193472
849856
849904
471264
193744
639232
849952
471360
850000
194976
471456
639296
471552
850048
195328
639376
471648
850096
639456
195360
850144
471744
195696
471840
850192
639536
471936
850256
472032
639648
195728
850352
850416
639760
195760
472128
850448
195824
639872
472224
195968
850560
639984
472320
850592
196000
472416
640096
196032
640240
850672
472512
196080
196144
850768
640384
851184
196192
851424
472608
196208
640544
851456
196224
640624
851888
196416
640704
472704
196464
640768
472800
852160
640832
472896
196496
852432
640896
852448
196544
472992
640976
852464
196672
641040
473104
196768
852512
641136
473200
852528
196976
641200
473296
852544
852976
641264
197200
473376
853040
641424
197264
853104
473472
641504
853376
197296
473568
197536
853424
473648
197632
853472
473744
197888
641680
853680
198144
473840
641856
853744
198208
473936
853808
641920
474032
853840
642032
198512
642144
474128
853888
642256
474224
198832
198960
853952
642368
198976
474320
854960
198992
642480
474416
199008
855040
199264
474512
855104
642592
200960
642704
642816
201056
855120
474608
474704
855136
642928
202672
202800
474800
643040
855152
474896
643152
855168
474992
202960
855184
643264
643440
203008
475088
643616
203168
475184
643792
203344
855200
475280
855216
203552
643968
855232
203696
644144
204288
855248
644320
475376
855264
204336
644496
475472
205296
475568
855280
205424
644672
475664
205584
644848
475744
205808
855296
645024
475856
475952
476048
476144
645200
855312
206064
645376
855328
476240
206352
206496
645440
855344
206560
855360
476336
645568
206640
476432
855376
645696
206704
646192
476528
206736
855392
646304
476624
646416
855408
206800
646480
855424
206848
646560
476720
207088
855440
646704
207312
855456
646784
476816
207536
855472
207568
855488
646912
476912
207744
855504
647040
477008
647072
855520
207760
477104
647120
855536
207888
647232
855552
477200
647376
855568
855584
647504
477296
207936
855600
647600
647792
207952
477392
855616
647856
855632
208048
477488
647936
648000
477584
208288
855648
648416
208368
477712
855664
648880
477808
855680
648928
477856
855696
649040
477904
855712
208400
649296
478160
855728
649552
478832
208432
649808
855744
208480
649936
208544
479504
855760
208688
650048
480128
650160
208832
855776
650272
208944
855888
650384
208992
480752
209200
650496
856000
480768
209216
856112
480784
650608
856224
480816
209248
650704
480848
856336
480880
650784
856448
480928
650880
209280
650976
480960
651040
480992
19976
209344
856688
651104
481024
856928
651168
481056
651232
857040
209408
481088
651328
209424
857152
481120
651424
857264
209440
651520
209600
857376
481152
857488
209632
651616
481184
210320
651712
857600
857712
651808
210384
481216
210432
651904
481248
857824
210448
481280
210480
651984
857936
652176
481312
210512
858048
652368
481344
858160
652592
481376
481408
652816
858272
481440
653040
481472
210672
653280
481504
210960
653520
858384
481536
653760
211024
858496
653984
858608
654208
858720
481568
211184
481600
211232
481648
858832
654432
211264
481680
654672
858944
211296
211344
481728
859056
211376
859168
481760
211424
654912
481792
211488
859280
481824
211520
655152
481840
859392
655472
211568
481856
655536
859504
481888
211600
859616
655600
481920
481952
481984
655664
482016
211632
482048
859728
859840
859952
655728
482064
211664
860064
211728
655776
482096
860176
655888
482128
860288
655936
656032
482224
656128
211776
860400
482496
656224
860512
211824
482752
656320
860528
482992
211856
483232
860576
211888
656416
860624
483312
860736
483392
656464
483472
656592
211936
211968
483552
212016
483632
861024
212080
861040
212112
656656
483712
861056
656688
212160
861072
483792
656720
212208
483872
212240
212272
483952
861088
656752
212320
861376
656784
484032
212352
656816
861488
861856
212400
656880
484112
212464
656944
861936
212496
862224
484192
862384
484272
657008
484352
212544
212592
862672
484432
657072
862704
212624
484512
657424
212656
657776
212704
863536
484592
658144
212736
484672
658176
212784
864336
658208
484752
212848
865616
212880
658240
484832
212928
484912
658272
212976
865824
484992
868320
213008
870256
658304
213040
485072
870560
213088
871104
213120
658336
213168
871472
485152
658464
871504
213232
871536
871568
213264
485232
658496
485312
658528
213312
485392
871600
485408
871632
658560
213360
485488
658912
213392
872000
485568
659264
213424
872368
213472
485680
659616
872736
213504
873104
485920
659968
213552
873472
486256
213616
873680
213648
660016
486336
873744
213696
873808
486656
213744
486928
873872
660048
213776
873936
213808
487536
660080
213856
487808
874000
660112
488352
213888
660144
488400
874064
213936
660192
488448
874128
214000
488496
660560
874192
874256
660912
214032
874320
214080
661264
874384
488544
214128
488592
214160
488640
214192
661616
874448
214240
661968
874512
488688
488736
662016
662064
488784
214272
874576
488832
662112
874640
214320
488880
662160
662336
488928
214384
874704
662368
488976
214416
662400
489024
662576
874768
214464
663104
874832
214512
489072
874896
214544
489120
874960
214576
663984
875024
214624
664160
875088
214656
664336
875152
214704
664512
875216
489168
489216
664688
489264
664864
875280
214768
875344
875408
489312
664912
214800
664960
214848
665008
489360
875504
214896
489408
665360
875600
214928
875680
489456
665712
214960
666064
875760
489504
215008
489552
215040
666112
875840
489600
666160
875920
215088
489648
876000
215152
666208
876080
489696
215184
666432
489744
215232
666784
489792
489840
215280
666992
215328
489888
667216
215360
876160
489936
667264
490160
667312
490288
215392
876240
215424
667664
876320
490592
667712
215488
490976
667808
215536
876400
491376
215568
491760
876560
667888
876656
215600
491776
876752
215664
876848
215712
491792
668064
877056
877152
491808
215744
215776
668240
668416
491824
877248
215840
215888
668592
491840
215920
491856
668880
215952
669168
877312
491872
669184
877376
669200
216016
877440
491888
216064
877472
669216
491904
216096
877552
669360
491920
877632
669456
216128
491936
669552
491952
216192
669696
491968
669840
877712
216240
669968
216272
491984
877792
877904
878016
216304
878128
670048
216368
492000
492016
670128
878240
216416
878368
492032
670240
878432
670384
216448
878512
492048
216480
216544
670528
670592
216592
492064
878592
216624
670656
878672
216656
492080
878752
670784
216720
492096
670848
216768
670976
492112
879264
671104
492128
216800
879376
492144
671376
879472
492160
879552
492176
216832
492192
216896
492208
671504
278368
492224
879632
671632
278448
492240
278480
492256
278544
278608
879808
278672
879872
671760
278736
879936
671888
278800
492272
672016
278864
492288
278928
880000
672160
278992
880064
492304
672288
279056
492320
881024
279120
881088
492336
279184
492352
881152
672416
492368
672528
492384
672656
279248
492400
672784
279312
672912
881216
492416
279376
881280
672976
492432
673040
279440
673104
279504
881696
673264
492448
882464
492464
673280
279568
492480
673296
882784
492496
673312
279632
673328
492512
279696
883328
674048
492528
883344
674112
279760
883360
492544
279824
492560
674192
492576
674272
279888
883376
492592
674352
492608
674416
492624
883392
674480
279952
883408
280016
492640
280080
883424
492656
280144
883440
492672
674544
280208
674608
883456
674672
492688
883472
674736
492704
280272
492720
280336
492736
883488
492752
674800
280400
883504
492768
280464
883520
492784
280528
884256
492800
280592
674864
492816
884320
280656
492832
280720
674928
492848
280784
674976
884432
492864
280848
884560
492880
675024
492896
884592
492912
675072
884624
675152
492928
280912
884736
492944
675232
492960
675312
884848
281008
492976
675456
281104
885216
492992
675536
281200
493008
885424
493024
675616
281296
493040
885472
281488
493056
493072
675696
885520
281584
281680
281776
675776
281872
885552
493088
675856
281968
885584
675936
282048
493104
885632
885680
282128
885728
493120
676016
282208
885776
493136
885824
676096
493152
885872
676176
282288
493168
282384
676256
493184
676352
493200
885920
282464
676432
282544
885968
493216
282624
493232
886016
676512
282720
676592
282800
282880
493248
886064
886112
493264
886160
676688
493280
282960
676768
493296
283040
493312
886208
676848
676928
886256
493328
677008
886288
493344
283120
886320
677088
283312
283504
677168
493360
677248
283584
886336
493376
283776
677344
886352
493392
283968
284160
493408
886368
284336
677440
284528
677536
284720
886384
493424
677632
886400
284912
285104
493440
285200
677712
886464
493456
886512
677792
285296
493472
493488
285392
886576
493504
677872
285488
886672
677952
493520
678032
493536
678112
285584
678192
285680
886768
285904
678272
887104
493552
887200
493568
678368
286144
887296
678448
286336
493584
678528
493600
887712
678608
286528
887840
286720
888112
493616
678704
888176
493632
286912
678784
888240
287104
493648
678880
493664
888304
678960
287296
493680
888368
287488
493696
679040
287680
888432
493712
679120
888496
287872
493728
288064
888560
493744
679200
288256
493760
679280
888624
288448
679360
288640
888688
493776
493792
679440
288832
888752
288912
493808
679520
288992
888816
679600
289072
493824
679680
888928
289152
493840
679760
289232
493856
889040
289312
493872
289600
493888
679856
889232
493904
679952
493920
289904
889728
680048
290016
493936
889792
493952
680128
889856
290304
680208
493968
889920
680304
493984
290592
680432
290624
494000
889984
680512
494016
494032
680592
890000
290880
494048
890064
494064
680672
290976
494080
680752
291056
494096
680832
291088
680912
494112
890128
291392
494128
291712
890192
680992
494144
890256
494160
291808
681072
890528
681152
291904
494176
890592
681232
494192
681312
890656
494208
681392
292000
890720
292096
494224
681472
292192
494240
890784
292224
494256
292544
890800
681552
494272
681632
494288
292592
890864
681712
890928
494304
681808
292912
494320
681888
890992
292992
891056
681968
293072
494336
682048
891360
293152
494352
682128
494368
891440
682208
494384
682288
891520
293232
682384
891600
494400
293312
682480
494416
293392
293472
682576
891680
293552
494432
682656
293632
891696
494448
682736
293712
891760
494464
293792
891824
494480
293872
891888
682816
293952
494496
682896
494512
891952
494528
892000
682976
294032
494544
892016
683056
294112
494560
683136
294144
892032
683216
494576
294176
494592
683296
892112
294208
494608
683376
892240
294240
494624
683456
892512
892592
494640
294272
494656
892624
494672
294304
494688
683536
494704
892656
683616
294544
494720
683696
494736
683776
892688
294672
683856
892720
494752
294752
893792
683936
494768
894144
294832
684016
494784
894592
494800
894640
294912
684096
684176
494816
294992
895232
895968
684256
896064
494832
295088
896144
896224
295168
684336
896400
295264
494848
684416
896464
295392
494864
494880
684496
295472
896528
494896
295552
896640
684576
295632
494912
896672
295712
684656
898544
295840
684736
494928
899184
295920
684816
494944
899648
296000
494960
494976
494992
684896
296080
899664
495008
296176
899808
684976
296304
899856
495024
685072
296384
899904
685152
495040
296464
900656
296544
685232
495056
901424
296624
685312
296720
685392
296800
495072
685472
296928
495088
902208
495104
903008
495120
297008
903808
495136
297088
685552
297200
685632
904688
495152
297488
685712
909232
495168
297776
685792
495184
909312
297808
685872
495200
909392
685984
495776
297888
686064
297920
496352
686144
909520
297952
909600
496480
298080
909680
496608
496736
910416
686224
686304
497616
298112
911152
686384
911872
497712
298240
912592
686464
298272
913328
497936
686560
914064
298304
686640
914800
686720
498160
686800
498336
298640
686896
498448
686976
498560
687056
914848
687152
298720
914864
687232
499120
298800
499680
914880
687312
298832
914896
499760
499872
915088
687408
915296
299056
499952
687488
915344
299088
500032
687584
500160
299120
915424
687664
500240
687744
915456
299152
500320
687840
915488
500400
687936
299184
500480
688032
500608
299216
688128
915568
500688
688208
299248
501312
688288
915696
688368
299504
501952
915776
299600
299856
502592
915824
688448
688528
916048
299952
503232
916080
688608
916128
503872
300208
688688
300304
916208
504512
916368
505152
300560
688768
916432
300656
505792
688848
506416
916496
688928
300912
689024
916512
506512
689104
916544
301168
916576
689184
506608
301264
689264
301520
916640
506656
916720
301616
689344
916800
301872
506704
689424
301968
507072
916880
302224
916912
507184
507296
689504
302480
507664
689584
917040
508032
302576
689664
917168
302832
508400
689744
917264
302928
917360
689824
508768
303344
917392
689904
303440
689984
509136
303536
690064
303632
509504
690144
303728
917424
509872
917456
303824
917504
690224
510240
917568
510608
510976
917632
690304
511344
303904
917664
690384
303984
511712
917760
304064
512080
917824
512448
304192
690528
304272
512816
690576
513184
304400
917888
690784
513552
304480
918000
690832
918112
513920
691088
918400
691392
918688
304608
514288
514656
918704
691696
304688
515024
918784
304768
691792
515392
918864
692000
304848
304976
692128
515808
918944
692176
516176
919024
692496
305056
919120
516528
919216
305184
692544
305264
305392
693152
305472
693296
516880
919296
693904
517232
919376
919408
517584
695088
919616
517984
305600
919696
305680
695296
919776
305808
695344
305888
919920
695760
920064
518384
306016
695776
920400
518752
306272
920736
695840
306304
920752
696016
696176
519024
920832
306400
920912
696272
920992
519088
306512
921072
696592
519152
306688
306720
519216
306752
921168
696912
519280
921264
519344
306784
697232
921344
306816
519360
697552
306848
921888
923408
306880
519376
923440
519392
923520
697872
306912
519408
698192
519424
306944
923760
698272
519440
306976
307008
698352
924000
307264
519456
698432
924064
307520
307600
698512
519472
924128
307696
924176
519488
307728
307760
698592
519504
307792
698672
307872
698704
924224
307952
699504
519520
924304
308032
519536
699680
519552
699792
308064
519568
699984
924384
308192
519584
924576
519600
308224
924768
519616
308304
700048
519632
924800
308336
519648
924832
700576
924928
519664
308416
700784
519680
700864
519696
308496
519712
924992
701008
308576
925056
519728
308656
701456
519744
925136
308736
701664
308816
701712
519760
925216
702048
519776
925440
702720
925760
702800
308896
702880
308928
519792
926080
702960
926192
519808
703040
926704
519824
308960
703120
519840
926768
309088
519856
703200
519872
703280
309120
519888
927072
309152
519904
703360
927632
309392
519920
928624
309632
703440
519936
703520
309680
928704
519952
703600
309712
928832
519968
703680
309744
928912
309856
703760
928992
519984
309984
520000
929232
703936
310096
520016
704112
929472
310224
704288
929712
520032
704464
310336
520048
704640
310416
520064
929952
704816
930016
310496
520080
310576
930080
520096
704992
310656
705168
930144
520112
310736
705344
705520
310816
520128
933136
310896
520144
936112
705696
310976
520160
936592
705872
520176
936656
706048
311056
936720
520192
311136
706160
520208
311216
706240
936768
520224
311296
706448
311376
936816
520240
311456
706528
520256
311536
311616
706736
936896
311696
936992
520272
311776
937072
520288
706880
311856
937120
707024
311936
707168
312016
312096
707312
312176
937136
520304
312256
312336
707456
520320
937152
707600
312416
707744
937168
520336
707888
937264
312480
937360
520352
312544
708032
937632
708176
520368
312624
937712
312688
312768
937808
520384
312864
937888
708320
312960
520400
708464
313040
938080
520416
938272
313120
708608
313200
938464
708752
520432
938656
314400
708896
520448
314448
709040
520464
709184
315760
520480
315840
520496
938688
315888
520512
938720
938752
520528
709328
315952
316032
709472
938832
709616
316080
938912
520544
709760
709904
316160
520560
710048
316240
938992
939056
520576
316320
939120
520592
316416
520608
316480
710192
710336
316576
520624
316592
710480
939184
520640
316624
939248
520656
316656
520672
939328
710624
710768
316672
710912
316688
520688
316784
711056
520704
711456
316880
520720
939376
316976
711712
317072
939408
520736
711968
317120
939552
520752
712224
520768
317216
317264
520784
939680
712480
520800
317312
939760
317360
520816
712736
317408
939840
317456
712992
520832
939920
713248
317504
520848
940000
713504
317552
713760
520864
317600
714016
520880
714272
940080
317648
520896
714528
520944
317696
714784
520992
317744
940112
715040
317792
521040
940160
715296
317840
521088
940208
715552
317888
940288
715808
521136
317936
940336
716064
317984
521216
318032
941360
716320
521296
318080
941424
318128
941472
716576
521392
941488
716832
318176
521856
521904
318224
318272
522192
522352
318320
941504
318368
941664
318624
717088
941824
318720
522576
941872
522848
717344
523072
717600
318832
942064
717856
318928
942080
718112
523344
942096
319152
718368
523440
942208
319360
523520
319568
942496
523600
319776
718624
523680
718880
719136
523760
319872
320080
942576
320160
942672
320224
523856
719456
942848
320288
523936
943024
320352
524016
943104
719616
524096
320416
719888
524192
524288
943376
320480
524320
943472
720448
320816
524496
321040
720528
524672
720608
943568
321264
524848
321488
944176
720688
321712
944288
321760
525024
944400
720768
525200
720848
525376
720928
525552
944720
321808
525728
321856
720992
945040
525904
321904
945360
526080
721088
721536
526256
321952
721808
722256
526432
322000
322048
722544
322096
722832
526608
322144
723136
526784
945680
723440
526960
322192
946176
723744
527136
946624
723936
322240
527312
947040
322288
947664
724128
322336
527488
724320
322384
527664
947808
724512
527904
948144
322432
528400
724704
528896
948224
322480
529408
948320
322528
529920
724896
948448
530528
725088
530784
948560
322576
322624
725280
531424
948640
322672
725680
948736
531968
725840
532496
726240
948832
322720
726352
533040
726416
322800
533360
949312
726480
726544
322880
533680
950192
726608
950944
726672
534000
323024
726736
534064
726800
323104
323408
951712
726864
534384
534448
323424
952496
726928
534768
726992
535088
323888
324352
727056
953296
535408
324832
954096
535488
325312
955008
535520
727120
535744
325792
326016
955888
535840
727184
326240
326464
535936
727248
961024
326688
961760
536160
326912
962496
536256
727312
327136
963216
327328
727376
327520
536352
727440
963936
327712
536512
964672
327984
536608
727504
965408
328656
536832
966224
727568
966256
727632
536928
727696
537008
329328
966304
330016
966336
966400
727760
330624
966464
727824
331296
966576
727888
331408
966864
537088
727952
967104
331520
331632
537168
331744
967184
728016
537248
537328
331856
728080
331968
537408
967264
332080
728176
332192
537472
332304
728272
537552
967344
728336
537632
332416
967440
728464
537696
332528
967568
728592
967648
537776
728720
332640
332752
728848
967728
537856
728976
332864
729104
967872
537920
729232
332976
968208
538480
968576
729360
538544
333088
538608
729488
538672
333200
968656
538912
333312
968736
333424
539008
729616
539104
333536
729744
968816
539136
968912
333648
539168
729872
539264
730000
539360
333760
730128
539456
730256
539616
969008
730384
539648
970288
333872
333984
539680
334096
973168
730512
539712
334208
730640
539744
973408
334320
730768
539776
973472
539936
973520
334432
540176
334544
973712
540304
973744
334656
730896
540464
334768
973776
731024
973840
731152
540704
731216
973920
334880
540976
731280
334992
973984
541248
731344
335104
974048
541520
731408
541792
335216
335328
335440
542000
1106528
731472
1106560
731536
1106592
731600
542080
1106624
335552
542272
1106656
731664
335664
1106688
542400
335776
335888
731728
1106720
542480
1106752
731792
336000
731856
1106784
542608
336112
542688
542768
731920
336224
543264
731984
336336
1106816
732048
336448
1106848
732112
732176
732240
336560
1106880
732304
336672
1106912
732368
336784
543760
1106944
336896
544256
337008
544752
337120
1106976
732432
544800
1107008
732608
337232
1107040
732880
1107072
974464
732992
337392
544848
1107104
974544
337504
733232
544896
1107136
974624
734080
544944
1107168
337600
544992
545040
1107200
734256
974704
337696
545120
1107232
974800
337792
1107264
545184
974864
734848
545248
337888
735008
974928
735088
1107296
338032
545600
1107328
338176
974992
735728
545632
975088
1107360
735824
338288
545664
1107392
338400
975152
736864
545696
338544
975216
737776
338960
975264
738128
545856
1107424
738192
339408
1107456
545888
738256
975344
339856
975408
738544
1107488
546288
340304
1107520
738608
546448
975472
739120
340752
975536
739216
546608
341200
975600
739312
341648
975696
547168
342096
739408
547216
975808
342544
739600
547264
975904
739648
342992
547312
976032
739792
547360
343440
739872
547408
976624
343888
739888
547456
977216
344336
739904
547504
977808
344784
739920
345232
978416
547552
739936
979072
547600
345680
547648
979728
739952
547696
739968
547744
980384
547792
740048
981056
547840
740080
981984
547888
740192
982912
740224
547936
740752
547984
983824
984768
740784
548032
984800
740816
548080
984832
740848
548128
985168
740880
548176
985248
740912
548224
985328
985408
740944
548272
985488
548320
740976
985584
741008
985680
741040
741072
985760
741104
985840
741136
985920
986000
741168
741200
986080
986160
741232
986176
741264
986192
741296
986208
741328
986224
741360
986272
986320
986368
986400
986432
986464
986512
986544
986576
986608
986656
986688
986720
986752
992416
992464
993296
993344
993472
993568
993664
993696
993792
993968
993984
