88896
88944
99136
89024
99184
89200
89328
89456
99232
89584
99280
89664
99424
89792
89840
89904
89952
99520
99584
111056
99696
111152
99952
90000
111184
90048
111264
111296
90096
111328
100624
90176
90304
111392
101072
101264
90352
101952
111616
90544
102048
111632
90608
111664
90736
111696
90832
112368
90896
112400
112416
112496
112528
102144
90976
112560
91056
112592
91152
112608
102224
112784
112928
112944
102288
91248
102592
102816
91328
102976
113040
113104
91408
113152
91488
113216
103152
91568
91952
92000
103200
92080
113248
92208
113344
92336
113408
103264
113440
92560
103424
113536
103472
92624
113808
92704
114192
93120
103520
104384
104592
104672
105264
105360
93296
105824
93344
106208
74512
106224
79856
107408
114240
119968
119984
120000
120016
93392
93440
79920
114320
114448
114528
114592
114608
114640
114672
114704
114752
93488
107968
114768
93536
79984
108016
108064
120032
93584
114816
93632
114864
93680
114944
93728
115008
93904
115088
94176
115104
94288
94368
115184
94448
115264
80064
80112
120048
94544
115328
108224
80160
108400
80224
108464
80352
108576
108848
80448
108928
115376
109088
109264
120064
109312
80704
120384
109360
80816
80928
115424
115472
94640
115504
110032
81088
115904
115920
116192
116560
110080
116704
110208
116864
81232
110304
81360
116880
110400
116896
94688
116912
116928
116944
116960
116992
117024
117040
117088
117104
117120
117136
117152
117232
117280
117296
117312
117712
81424
117792
81456
117808
81488
117824
81584
118000
110432
110528
110704
110720
81696
94768
81776
94896
81872
94960
81920
95120
82000
95280
82048
95344
95456
95600
95664
95728
96000
96272
96384
96464
82432
96512
82752
96560
118032
131552
83200
118048
96608
118208
96640
83248
96672
83296
118240
96752
118368
96832
118448
83344
96912
119472
83392
96960
97056
97104
97168
97312
97472
97568
97664
97728
97776
97840
98016
98192
98240
98320
98400
98576
83488
83792
84032
84080
84128
84176
98624
98672
84288
84336
84384
84432
84480
84592
84688
84752
84816
84864
84912
84960
85008
85088
85168
85216
85568
85776
85872
85952
86048
86096
86144
86304
86656
98768
87008
98848
87168
98944
87264
87360
87520
99008
87696
99072
87760
87920
88000
88064
88128
88208
88288
88352
88416
88496
88560
88640
88752
88848
