183694
102688
125024
78048
184840
125088
78128
102784
125152
185104
78208
185200
102896
102992
103088
78416
125232
103184
78624
185424
103232
78832
125312
103280
79040
185440
103392
185472
103472
125392
79104
125472
103616
125584
103664
125632
103904
104256
104864
185504
125680
79168
186176
125728
79248
186208
125776
79440
105168
79520
186224
105296
79600
125824
186304
79968
186336
80064
105424
186368
80256
105680
186400
125872
80752
186416
125920
106912
80832
125968
107264
126112
80912
107392
126240
186464
80960
126448
81040
107600
186512
126720
107920
193440
81120
126816
81200
186560
108016
193456
126896
81280
186608
108112
186656
108208
193472
186736
81360
126976
108304
186800
193488
81440
127056
108400
193504
81520
127104
108480
193520
81664
108656
127152
81808
193536
127200
108768
81952
186832
109008
82096
186864
109328
186912
82208
109392
186976
127248
187040
109488
127312
82256
127392
187104
82368
127456
82448
127520
110128
82512
110176
187152
82576
187200
127600
82800
187264
82976
127664
187296
83136
110304
188320
83232
110432
188496
83296
110560
127712
83360
188640
83408
188656
83456
188752
83568
188816
83680
83760
127760
83840
127808
188864
83920
127856
188928
110688
84000
188960
127952
110816
84080
189056
128192
110944
84160
189120
128240
111072
189152
84240
111216
128288
84320
189248
128336
111376
84400
189520
128432
84480
128480
189904
111504
84560
111632
128528
84640
189952
111776
128576
190032
128656
190160
111904
128816
84720
112032
190240
112160
84800
128944
112272
84880
112384
84960
112496
85040
112592
85216
190304
112720
85408
112848
128960
85488
190448
129008
85568
190608
112976
85968
190624
129056
113120
129136
113280
190640
86368
113408
129200
86768
113536
129328
87168
113664
129456
190656
87312
113776
129552
129648
87392
190672
129744
113936
190688
129808
114032
87472
114192
190704
129888
114288
87520
129952
87696
130288
190736
114384
190768
190784
114544
190832
114640
190848
114736
87872
190864
114896
88048
130624
114992
88224
130976
88608
131344
88688
131696
115088
88992
89040
115248
190944
89312
132048
190992
89360
115344
132128
89888
132288
191008
90112
132352
191024
90160
132416
191424
90208
132480
191504
132544
115440
191520
90256
115600
191536
132624
115696
132672
115792
90304
132752
115952
90480
191712
132816
90624
191744
90720
116048
132880
90912
116144
132944
91104
191760
91216
91360
191920
91520
91600
191952
91680
192080
91760
192160
116304
91840
192176
116400
91920
192208
116576
192240
92000
132992
116704
133072
116928
92080
133312
117152
92320
133360
117232
92592
192272
92864
93136
192320
117360
133408
117488
192336
133504
117616
93408
133600
93680
117760
93952
192384
133712
94032
117904
192432
133824
117968
192512
133888
118096
192576
133936
118224
192656
133984
118352
192672
134032
118432
192752
134112
192832
118544
192896
94208
134176
94272
94368
118608
94496
134240
119024
94768
134304
94816
119088
134368
94864
119152
94912
119216
134416
95024
119424
95104
95184
134480
119552
95312
134592
119680
95440
134656
119808
95568
134784
95696
96688
119936
134912
96752
134976
97744
135040
97888
120096
135104
97936
135168
120224
98720
120352
135232
98992
135296
99152
135360
99456
135424
99760
135520
99872
135568
99984
135648
100096
135728
100208
120480
120544
100320
120608
135824
100416
120672
100496
120736
135920
100576
120832
100656
100784
120928
100912
101040
121024
136000
121072
101120
136080
121232
101232
136160
121344
136224
121440
101280
136288
136464
101328
136704
121600
101376
137040
121760
121808
137280
122096
137376
122256
101424
137472
101472
101584
137552
102176
137616
122416
137696
122480
137776
102400
102576
137856
122544
122608
102640
137936
122752
138016
122896
138144
123072
138512
123168
138608
123248
138752
123568
138944
123616
123664
123712
123760
123808
123856
123904
123952
139136
124016
124080
139520
124128
124176
124256
124304
124352
124400
139984
124448
124592
124672
181472
124864
181568
181600
181632
181664
181744
181776
181808
181872
182272
182288
182560
182928
183024
183255
183422
76688
76880
77072
77264
77456
77648
77728
77808
77888
77968
